0.461538 0.285714 0.153846 0.400000 0.333333 0.181818 0.363636 0.500000 0.181818 0.400000 0.250000 0.181818 0.363636 0.461538 0.142857 0.266667 0.285714 0.222222 0.285714 0.333333 
0.133333 0.266667 0.266667 0.153846 0.285714 0.000000 0.333333 0.400000 0.166667 0.000000 0.181818 0.000000 0.000000 0.200000 0.266667 0.500000 0.181818 0.000000 0.375000 0.363636 
0.200000 0.181818 0.153846 0.142857 0.307692 0.333333 0.333333 0.181818 0.000000 0.375000 0.000000 0.400000 0.333333 0.153846 0.333333 0.333333 0.000000 0.428571 0.166667 0.166667 
0.400000 0.142857 0.153846 0.285714 0.285714 0.400000 0.375000 0.428571 0.571429 0.500000 0.181818 0.200000 0.266667 0.375000 0.235294 0.533333 0.166667 0.200000 0.133333 0.266667 
0.285714 0.250000 0.250000 0.133333 0.375000 0.333333 0.500000 0.428571 0.461538 0.142857 0.153846 0.166667 0.250000 0.307692 0.000000 0.307692 0.000000 0.363636 0.444444 0.200000 
0.307692 0.000000 0.428571 0.307692 0.285714 0.200000 0.200000 0.133333 0.000000 0.200000 0.461538 0.166667 0.400000 0.545455 0.307692 0.166667 0.461538 0.222222 0.142857 0.307692 
0.333333 0.181818 0.166667 0.333333 0.363636 0.400000 0.461538 0.000000 0.166667 0.285714 0.500000 0.181818 0.181818 0.428571 0.250000 0.461538 0.333333 0.250000 0.363636 0.153846 
0.400000 0.166667 0.250000 0.307692 0.333333 0.200000 0.181818 0.166667 0.333333 0.153846 0.307692 0.307692 0.142857 0.000000 0.235294 0.133333 0.000000 0.222222 0.000000 0.444444 
0.000000 0.000000 0.285714 0.200000 0.142857 0.181818 0.307692 0.181818 0.000000 0.200000 0.133333 0.600000 0.285714 0.153846 0.000000 0.000000 0.000000 0.166667 0.250000 0.307692 
0.333333 0.400000 0.363636 0.307692 0.333333 0.533333 0.333333 0.307692 0.181818 0.200000 0.428571 0.000000 0.307692 0.000000 0.000000 0.428571 0.250000 0.307692 0.250000 0.166667 
0.461538 0.000000 0.250000 0.500000 0.363636 0.600000 0.266667 0.285714 0.181818 0.222222 0.500000 0.545455 0.600000 0.444444 0.600000 0.461538 0.600000 0.222222 0.363636 0.363636 
0.333333 0.333333 0.250000 0.363636 0.363636 0.400000 0.333333 0.461538 0.153846 0.250000 0.333333 0.200000 0.333333 0.285714 0.500000 0.500000 0.166667 0.545455 0.000000 0.000000 
0.500000 0.266667 0.153846 0.166667 0.142857 0.600000 0.363636 0.307692 0.000000 0.285714 0.333333 0.000000 0.352941 0.266667 0.285714 0.285714 0.500000 0.222222 0.000000 0.285714 
0.444444 0.153846 0.285714 0.333333 0.200000 0.166667 0.200000 0.200000 0.153846 0.307692 0.000000 0.250000 0.000000 0.333333 0.166667 0.333333 0.222222 0.000000 0.533333 0.266667 
0.333333 0.181818 0.615385 0.153846 0.307692 0.285714 0.166667 0.615385 0.000000 0.153846 0.166667 0.153846 0.166667 0.181818 0.400000 0.500000 0.333333 0.222222 0.666667 0.363636 
0.333333 0.153846 0.375000 0.352941 0.153846 0.125000 0.400000 0.363636 0.000000 0.571429 0.285714 0.181818 0.117647 0.000000 0.133333 0.166667 0.000000 0.200000 0.166667 0.285714 
0.153846 0.153846 0.333333 0.166667 0.200000 0.307692 0.266667 0.363636 0.166667 0.200000 0.200000 0.285714 0.307692 0.200000 0.000000 0.181818 0.166667 0.307692 0.333333 0.352941 
0.142857 0.266667 0.250000 0.000000 0.181818 0.333333 0.333333 0.307692 0.428571 0.166667 0.142857 0.307692 0.153846 0.000000 0.333333 0.363636 0.000000 0.153846 0.400000 0.363636 
0.400000 0.133333 0.285714 0.266667 0.000000 0.461538 0.363636 0.166667 0.250000 0.421053 0.200000 0.000000 0.250000 0.200000 0.142857 0.181818 0.181818 0.000000 0.333333 0.461538 
0.181818 0.153846 0.333333 0.000000 0.400000 0.400000 0.461538 0.200000 0.000000 0.400000 0.428571 0.142857 0.400000 0.000000 0.363636 0.000000 0.000000 0.333333 0.333333 0.363636 
0
0
0.181818 0.363636 0.222222 0.333333 0.153846 0.363636 0.250000 0.181818 0.222222 0.000000 0.235294 0.200000 0.307692 0.142857 0.133333 0.200000 0.461538 0.166667 0.200000 0.250000 
0.333333 0.266667 0.133333 0.500000 0.000000 0.615385 0.400000 0.363636 0.166667 0.333333 0.181818 0.181818 0.333333 0.400000 0.100000 0.000000 0.200000 0.400000 0.428571 0.166667 
0.222222 0.200000 0.181818 0.200000 0.250000 0.181818 0.266667 0.200000 0.000000 0.000000 0.125000 0.153846 0.266667 0.181818 0.000000 0.181818 0.266667 0.166667 0.181818 0.000000 
