0.000030 0.000031 0.000035 0.000036 0.000042 0.000041 0.000037 0.000039 0.000039 0.000093 0.000041 0.000039 0.000041 0.000070 0.000074 0.000032 0.000032 0.000033 0.000032 0.000032 
0.000100 0.000096 0.000098 0.000098 0.000096 0.000097 0.000097 0.000102 0.000098 0.000099 0.000102 0.000098 0.000101 0.000098 0.000097 0.000100 0.000098 0.000098 0.000097 0.000099 
0.000030 0.000030 0.000029 0.000028 0.000029 0.000028 0.000030 0.000029 0.000029 0.000029 0.000029 0.000030 0.000031 0.000029 0.000031 0.000031 0.000029 0.000031 0.000031 0.000030 
0.000029 0.000029 0.000030 0.000030 0.000029 0.000029 0.000029 0.000030 0.000030 0.000029 0.000030 0.000029 0.000029 0.000030 0.000030 0.000029 0.000030 0.000030 0.000030 0.000030 
0.000030 0.000029 0.000029 0.000031 0.000030 0.000029 0.000029 0.000031 0.000029 0.000030 0.000029 0.000029 0.000029 0.000029 0.000031 0.000029 0.000029 0.000030 0.000031 0.000029 
0.000030 0.000032 0.000046 0.000030 0.000030 0.000029 0.000030 0.000030 0.000031 0.000029 0.000030 0.000029 0.000030 0.000029 0.000029 0.000029 0.000029 0.000031 0.000030 0.000030 
0.000031 0.000030 0.000030 0.000031 0.000030 0.000031 0.000031 0.000030 0.000030 0.000030 0.000030 0.000030 0.000030 0.000031 0.000030 0.000030 0.000031 0.000031 0.000030 0.000030 
0.000031 0.000030 0.000032 0.000031 0.000032 0.000030 0.000031 0.000030 0.000029 0.000031 0.000031 0.000030 0.000031 0.000031 0.000032 0.000029 0.000031 0.000031 0.000030 0.000031 
0.000031 0.000029 0.000030 0.000029 0.000031 0.000031 0.000030 0.000030 0.000031 0.000031 0.000031 0.000030 0.000031 0.000030 0.000031 0.000031 0.000031 0.000030 0.000030 0.000031 
0.000031 0.000031 0.000031 0.000029 0.000029 0.000038 0.000030 0.000030 0.000029 0.000029 0.000031 0.000029 0.000030 0.000030 0.000030 0.000030 0.000030 0.000030 0.000031 0.000029 
0.000029 0.000031 0.000030 0.000031 0.000029 0.000029 0.000031 0.000029 0.000030 0.000030 0.000030 0.000030 0.000030 0.000031 0.000029 0.000029 0.000038 0.000031 0.000031 0.000031 
0.000029 0.000030 0.000030 0.000031 0.000031 0.000030 0.000032 0.000030 0.000031 0.000029 0.000030 0.000029 0.000031 0.000031 0.000028 0.000029 0.000031 0.000030 0.000030 0.000031 
0.000030 0.000029 0.000030 0.000030 0.000029 0.000029 0.000030 0.000029 0.000030 0.000030 0.000029 0.000029 0.000033 0.000029 0.000030 0.000030 0.000029 0.000030 0.000029 0.000030 
0.000031 0.000030 0.000029 0.000030 0.000029 0.000030 0.000035 0.000030 0.000031 0.000029 0.000031 0.000030 0.000031 0.000030 0.000031 0.000031 0.000030 0.000029 0.000030 0.000030 
0.000030 0.000037 0.000031 0.000031 0.000030 0.000031 0.000030 0.000030 0.000032 0.000030 0.000031 0.000030 0.000031 0.000031 0.000030 0.000031 0.000029 0.000030 0.000030 0.000031 
0.000031 0.000030 0.000030 0.000032 0.000031 0.000031 0.000037 0.000031 0.000030 0.000031 0.000030 0.000031 0.000030 0.000044 0.000030 0.000031 0.000030 0.000029 0.000031 0.000030 
0.000030 0.000030 0.000029 0.000029 0.000031 0.000030 0.000030 0.000030 0.000029 0.000031 0.000029 0.000030 0.000030 0.000031 0.000030 0.000028 0.000030 0.000031 0.000028 0.000030 
0.000030 0.000029 0.000031 0.000029 0.000029 0.000029 0.000030 0.000030 0.000031 0.000042 0.000030 0.000030 0.000030 0.000030 0.000028 0.000030 0.000030 0.000031 0.000029 0.000030 
0.000030 0.000031 0.000030 0.000029 0.000030 0.000028 0.000030 0.000031 0.000029 0.000030 0.000029 0.000030 0.000030 0.000031 0.000030 0.000042 0.000029 0.000030 0.000029 0.000030 
0.000030 0.000030 0.000031 0.000030 0.000029 0.000031 0.000030 0.000028 0.000030 0.000030 0.000031 0.000029 0.000030 0.000030 0.000030 0.000029 0.000030 0.000028 0.000030 0.000029 
0
0
0.000026 0.000028 0.000029 0.000029 0.000031 0.000030 0.000030 0.000030 0.000031 0.000029 0.000028 0.000029 0.000030 0.000030 0.000031 0.000030 0.000031 0.000031 0.000030 0.000030 
0.000027 0.000029 0.000030 0.000030 0.000029 0.000031 0.000031 0.000029 0.000030 0.000031 0.000030 0.000029 0.000030 0.000030 0.000030 0.000030 0.000030 0.000030 0.000029 0.000030 
0.000030 0.000031 0.000029 0.000030 0.000030 0.000031 0.000031 0.000028 0.000031 0.000031 0.000030 0.000030 0.000031 0.000029 0.000030 0.000031 0.000030 0.000030 0.000030 0.000030 
