0.042145 0.033042 0.032940 0.033305 0.033090 0.033739 0.032870 0.033705 0.033370 0.033714 0.033221 0.033254 0.033591 0.032764 0.033401 0.033545 0.033535 0.033205 0.033314 0.033894 
0.028689 0.028697 0.028774 0.029836 0.028773 0.027823 0.028111 0.028770 0.028035 0.029461 0.028891 0.028369 0.028460 0.028330 0.028065 0.028386 0.028443 0.028888 0.028362 0.028471 
0.007924 0.007799 0.007823 0.007755 0.007983 0.007724 0.007785 0.009587 0.007944 0.007935 0.007878 0.007869 0.007830 0.007794 0.007878 0.007901 0.008007 0.008004 0.007808 0.007896 
0.007918 0.008042 0.007848 0.008073 0.008072 0.008042 0.007995 0.007945 0.007957 0.008017 0.008098 0.008002 0.008054 0.008124 0.008120 0.008142 0.008125 0.008188 0.008012 0.008167 
0.011649 0.011670 0.011685 0.011719 0.011534 0.011685 0.011755 0.011714 0.011855 0.011923 0.011830 0.011720 0.011690 0.011716 0.011631 0.011627 0.011902 0.011887 0.011821 0.011917 
0.011536 0.011606 0.011439 0.011455 0.011431 0.011526 0.011310 0.011472 0.011458 0.011529 0.011436 0.011454 0.011576 0.011534 0.011641 0.011583 0.011613 0.011603 0.011618 0.011615 
0.029866 0.030141 0.030229 0.030313 0.030954 0.030448 0.030742 0.030455 0.030742 0.030412 0.030765 0.030562 0.030778 0.030887 0.030564 0.030723 0.030894 0.031014 0.031621 0.030688 
0.044615 0.045233 0.045275 0.045370 0.045343 0.045248 0.046630 0.044841 0.045396 0.045427 0.046180 0.045566 0.045683 0.045810 0.046392 0.045602 0.046052 0.046131 0.045950 0.045806 
0.034076 0.033468 0.033977 0.033731 0.034749 0.034143 0.034390 0.033913 0.034315 0.035093 0.033854 0.034071 0.034159 0.034712 0.034688 0.034730 0.039010 0.034233 0.034375 0.034841 
0.009015 0.008763 0.008687 0.008752 0.008773 0.008735 0.008790 0.008652 0.008767 0.008852 0.008591 0.008868 0.009004 0.008739 0.008703 0.008889 0.008838 0.008970 0.008948 0.008712 
0.008924 0.008822 0.008574 0.008802 0.008824 0.008692 0.008642 0.008835 0.008699 0.008634 0.008647 0.008663 0.008714 0.008720 0.008861 0.008612 0.008693 0.008749 0.008838 0.008965 
0.012795 0.012605 0.012712 0.012479 0.012803 0.012474 0.012431 0.012558 0.012540 0.012518 0.012643 0.012685 0.012636 0.012860 0.012571 0.012781 0.012844 0.012706 0.012479 0.012851 
0.014119 0.014138 0.014186 0.014106 0.014218 0.014085 0.014260 0.014268 0.014193 0.014173 0.014311 0.014388 0.014297 0.014722 0.014381 0.014536 0.014517 0.014275 0.014269 0.014327 
0.039213 0.040980 0.040986 0.040680 0.040788 0.040824 0.039659 0.040802 0.040947 0.040183 0.041018 0.041496 0.041146 0.041120 0.040283 0.041077 0.040681 0.041407 0.041266 0.041293 
0.056108 0.056118 0.057504 0.058438 0.056016 0.057908 0.056278 0.058153 0.058217 0.058235 0.057697 0.057929 0.058341 0.058260 0.058037 0.058409 0.057988 0.059063 0.059011 0.059211 
0.044156 0.044427 0.045261 0.045885 0.044727 0.045073 0.044751 0.043941 0.045230 0.045015 0.044812 0.044497 0.045473 0.044852 0.045216 0.043985 0.044761 0.045462 0.045711 0.044812 
0.009952 0.010002 0.009840 0.009966 0.009904 0.009915 0.010139 0.010016 0.010015 0.010016 0.009920 0.009885 0.009951 0.010000 0.009901 0.010077 0.009928 0.010038 0.010041 0.010183 
0.010201 0.010345 0.010185 0.010266 0.010450 0.010503 0.010397 0.010082 0.010324 0.010197 0.010195 0.010119 0.010345 0.010461 0.010473 0.010209 0.010313 0.010298 0.010279 0.010363 
0.014305 0.014215 0.013962 0.014053 0.014057 0.014300 0.014070 0.014501 0.014568 0.014282 0.014365 0.013834 0.014364 0.014414 0.014273 0.013896 0.014393 0.014398 0.014295 0.014491 
0.015455 0.015418 0.015349 0.015427 0.015296 0.015454 0.015525 0.015470 0.015338 0.015685 0.015638 0.015415 0.015115 0.015455 0.015068 0.015657 0.015415 0.015442 0.015308 0.015355 
0.250644 0.251656 0.250050 0.240385 0.251373 0.257840 0.252552 0.261518 0.250660 0.244647 0.246117 0.254958 0.251910 0.253326 0.259271 0.258848 0.255186 0.264524 0.250841 0.250257 
0.328560 0.332852 0.324394 0.314923 0.333794 0.335541 0.315015 0.330873 0.327977 0.330195 0.329280 0.337726 0.336910 0.337335 0.336629 0.336307 0.338465 0.339945 0.340731 0.340049 
0.035485 0.040473 0.041878 0.040884 0.042036 0.040914 0.041947 0.040758 0.040965 0.040595 0.040853 0.041505 0.041281 0.041533 0.040907 0.041306 0.029807 0.040784 0.041193 0.041688 
0.010470 0.010381 0.010473 0.010398 0.010456 0.010414 0.010421 0.010541 0.010321 0.010667 0.010538 0.010432 0.010432 0.010343 0.010558 0.010396 0.010490 0.010391 0.010267 0.010578 
0.011461 0.011800 0.011460 0.011891 0.011802 0.011412 0.011832 0.011718 0.011847 0.011534 0.011477 0.011499 0.011708 0.011478 0.011768 0.011501 0.011480 0.011525 0.011545 0.011868 
