mat [[  1.30000000e+01   1.30000000e+01   1.30000000e+01   1.30000000e+01
    1.30000000e+01   1.33000002e+01   1.33000002e+01   1.33000002e+01
    1.33000002e+01   1.33000002e+01   1.26000004e+01   1.26000004e+01
    1.26000004e+01   1.26000004e+01   1.26000004e+01]
 [  1.30000000e+01   1.30000000e+01   1.30000000e+01   1.30000000e+01
    1.30000000e+01   1.30000000e+01   1.30000000e+01   1.30000000e+01
    1.30000000e+01   1.30000000e+01   1.30000000e+01   1.30000000e+01
    1.30000000e+01   1.30000000e+01   1.30000000e+01]
 [  0.00000000e+00   0.00000000e+00   7.95000000e+02   2.06100000e+03
    2.48300000e+03   2.49400000e+03   2.49500000e+03   2.49600000e+03
    2.49900000e+03   2.49800000e+03   2.49700000e+03   2.49900000e+03
    2.49600000e+03   2.49800000e+03   2.49600000e+03]
 [  2.50000000e+03   2.50000000e+03   2.50000000e+03   2.50000000e+03
    2.50000000e+03   2.50000000e+03   2.50000000e+03   2.50000000e+03
    2.50000000e+03   2.50000000e+03   2.50000000e+03   2.50000000e+03
    2.50000000e+03   2.50000000e+03   2.50000000e+03]
 [  2.50000000e+01   2.50000000e+01   2.50000000e+01   2.50000000e+01
    2.50000000e+01   2.50000000e+01   2.50000000e+01   2.50000000e+01
    2.50000000e+01   2.50000000e+01   2.50000000e+01   2.50000000e+01
    2.50000000e+01   2.50000000e+01   2.50000000e+01]
 [  0.00000000e+00   0.00000000e+00   0.00000000e+00   4.90000000e+01
    8.00000000e+00   2.10000000e+01   1.00000000e+01   2.00000000e+00
    1.20000000e+01   2.70000000e+01   5.00000000e+00   6.00000000e+00
    5.00000000e+00   7.00000000e+00   7.00000000e+00]
 [  0.00000000e+00   0.00000000e+00   1.26000000e+02   1.33000000e+02
    1.32000000e+02   1.26000000e+02   1.21000000e+02   9.10000000e+01
    4.00000000e+01   9.00000000e+00   1.40000000e+01   2.00000000e+00
    0.00000000e+00   0.00000000e+00   0.00000000e+00]
 [  0.00000000e+00   0.00000000e+00   0.00000000e+00   0.00000000e+00
    0.00000000e+00   0.00000000e+00   0.00000000e+00   0.00000000e+00
    0.00000000e+00   0.00000000e+00   0.00000000e+00   0.00000000e+00
    0.00000000e+00   0.00000000e+00   0.00000000e+00]
 [  0.00000000e+00   0.00000000e+00   0.00000000e+00   0.00000000e+00
    0.00000000e+00   0.00000000e+00   0.00000000e+00   0.00000000e+00
    0.00000000e+00   0.00000000e+00   0.00000000e+00   0.00000000e+00
    0.00000000e+00   0.00000000e+00   0.00000000e+00]
 [  0.00000000e+00   0.00000000e+00   0.00000000e+00   0.00000000e+00
    0.00000000e+00   0.00000000e+00   0.00000000e+00   0.00000000e+00
    0.00000000e+00   0.00000000e+00   0.00000000e+00   0.00000000e+00
    0.00000000e+00   0.00000000e+00   0.00000000e+00]
 [  0.00000000e+00   0.00000000e+00   0.00000000e+00   0.00000000e+00
    0.00000000e+00   0.00000000e+00   0.00000000e+00   0.00000000e+00
    0.00000000e+00   0.00000000e+00   0.00000000e+00   0.00000000e+00
    0.00000000e+00   0.00000000e+00   0.00000000e+00]
 [  5.38000000e+02   5.38000000e+02   3.80000000e+01   0.00000000e+00
    0.00000000e+00   0.00000000e+00   0.00000000e+00   8.00000000e+00
    1.50000000e+01   1.80000000e+01   1.70000000e+01   2.00000000e+01
    1.90000000e+01   1.90000000e+01   1.90000000e+01]
 [  0.00000000e+00   0.00000000e+00   0.00000000e+00   0.00000000e+00
    0.00000000e+00   0.00000000e+00   0.00000000e+00   0.00000000e+00
    0.00000000e+00   0.00000000e+00   0.00000000e+00   0.00000000e+00
    0.00000000e+00   0.00000000e+00   0.00000000e+00]
 [  0.00000000e+00   0.00000000e+00   0.00000000e+00   0.00000000e+00
    0.00000000e+00   0.00000000e+00   0.00000000e+00   0.00000000e+00
    0.00000000e+00   0.00000000e+00   0.00000000e+00   0.00000000e+00
    0.00000000e+00   0.00000000e+00   0.00000000e+00]
 [  0.00000000e+00   0.00000000e+00   0.00000000e+00   0.00000000e+00
    0.00000000e+00   0.00000000e+00   0.00000000e+00   0.00000000e+00
    0.00000000e+00   0.00000000e+00   0.00000000e+00   0.00000000e+00
    0.00000000e+00   0.00000000e+00   0.00000000e+00]
 [  0.00000000e+00   0.00000000e+00   0.00000000e+00   0.00000000e+00
    0.00000000e+00   0.00000000e+00   0.00000000e+00   0.00000000e+00
    0.00000000e+00   0.00000000e+00   0.00000000e+00   0.00000000e+00
    0.00000000e+00   0.00000000e+00   0.00000000e+00]
 [  0.00000000e+00   0.00000000e+00   0.00000000e+00   0.00000000e+00
    0.00000000e+00   0.00000000e+00   0.00000000e+00   0.00000000e+00
    0.00000000e+00   0.00000000e+00   0.00000000e+00   0.00000000e+00
    0.00000000e+00   0.00000000e+00   0.00000000e+00]
 [  0.00000000e+00   0.00000000e+00   0.00000000e+00   0.00000000e+00
    0.00000000e+00   0.00000000e+00   0.00000000e+00   0.00000000e+00
    0.00000000e+00   0.00000000e+00   0.00000000e+00   0.00000000e+00
    0.00000000e+00   0.00000000e+00   0.00000000e+00]
 [  0.00000000e+00   0.00000000e+00   0.00000000e+00   0.00000000e+00
    0.00000000e+00   0.00000000e+00   0.00000000e+00   0.00000000e+00
    0.00000000e+00   0.00000000e+00   0.00000000e+00   0.00000000e+00
    0.00000000e+00   0.00000000e+00   0.00000000e+00]
 [  0.00000000e+00   0.00000000e+00   0.00000000e+00   0.00000000e+00
    0.00000000e+00   0.00000000e+00   0.00000000e+00   0.00000000e+00
    0.00000000e+00   0.00000000e+00   0.00000000e+00   0.00000000e+00
    0.00000000e+00   0.00000000e+00   0.00000000e+00]
 [  0.00000000e+00   0.00000000e+00   0.00000000e+00   0.00000000e+00
    0.00000000e+00   0.00000000e+00   0.00000000e+00   0.00000000e+00
    0.00000000e+00   0.00000000e+00   0.00000000e+00   0.00000000e+00
    0.00000000e+00   0.00000000e+00   0.00000000e+00]
 [  1.25199997e+02   1.24800003e+02   1.24800003e+02   1.24800003e+02
    1.25199997e+02   1.24800003e+02   1.24800003e+02   1.24800003e+02
    1.24400002e+02   1.24400002e+02   1.24800003e+02   1.24800003e+02
    1.24800003e+02   1.25199997e+02   1.25199997e+02]
 [  1.25000000e+02   1.25000000e+02   1.25000000e+02   1.25000000e+02
    1.25000000e+02   1.25000000e+02   1.25000000e+02   1.25000000e+02
    1.25000000e+02   1.25000000e+02   1.25000000e+02   1.25000000e+02
    1.25000000e+02   1.25000000e+02   1.25000000e+02]
 [  1.25000000e+02   1.25000000e+02   1.25000000e+02   1.25000000e+02
    1.24699997e+02   1.24699997e+02   1.24500000e+02   1.24699997e+02
    1.24699997e+02   1.24500000e+02   1.24699997e+02   1.24500000e+02
    1.25000000e+02   1.25000000e+02   1.25000000e+02]
 [  0.00000000e+00   0.00000000e+00   0.00000000e+00   0.00000000e+00
    0.00000000e+00   0.00000000e+00   0.00000000e+00   0.00000000e+00
    0.00000000e+00   0.00000000e+00   0.00000000e+00   0.00000000e+00
    0.00000000e+00   0.00000000e+00   0.00000000e+00]
 [  0.00000000e+00   0.00000000e+00   0.00000000e+00   0.00000000e+00
    0.00000000e+00   0.00000000e+00   0.00000000e+00   0.00000000e+00
    0.00000000e+00   0.00000000e+00   0.00000000e+00   0.00000000e+00
    0.00000000e+00   0.00000000e+00   0.00000000e+00]
 [  0.00000000e+00   0.00000000e+00   0.00000000e+00   0.00000000e+00
    0.00000000e+00   0.00000000e+00   0.00000000e+00   0.00000000e+00
    0.00000000e+00   0.00000000e+00   0.00000000e+00   0.00000000e+00
    0.00000000e+00   0.00000000e+00   0.00000000e+00]
 [  0.00000000e+00   0.00000000e+00   0.00000000e+00   0.00000000e+00
    0.00000000e+00   0.00000000e+00   0.00000000e+00   0.00000000e+00
    0.00000000e+00   0.00000000e+00   0.00000000e+00   0.00000000e+00
    0.00000000e+00   0.00000000e+00   0.00000000e+00]
 [  0.00000000e+00   0.00000000e+00   0.00000000e+00   0.00000000e+00
    0.00000000e+00   0.00000000e+00   0.00000000e+00   0.00000000e+00
    0.00000000e+00   0.00000000e+00   0.00000000e+00   0.00000000e+00
    0.00000000e+00   0.00000000e+00   0.00000000e+00]
 [  0.00000000e+00   0.00000000e+00   0.00000000e+00   0.00000000e+00
    0.00000000e+00   0.00000000e+00   0.00000000e+00   0.00000000e+00
    0.00000000e+00   0.00000000e+00   0.00000000e+00   0.00000000e+00
    0.00000000e+00   0.00000000e+00   0.00000000e+00]
 [  0.00000000e+00   0.00000000e+00   0.00000000e+00   0.00000000e+00
    0.00000000e+00   0.00000000e+00   0.00000000e+00   0.00000000e+00
    0.00000000e+00   0.00000000e+00   0.00000000e+00   0.00000000e+00
    0.00000000e+00   0.00000000e+00   0.00000000e+00]
 [  0.00000000e+00   0.00000000e+00   0.00000000e+00   0.00000000e+00
    0.00000000e+00   0.00000000e+00   0.00000000e+00   0.00000000e+00
    0.00000000e+00   0.00000000e+00   0.00000000e+00   0.00000000e+00
    0.00000000e+00   0.00000000e+00   0.00000000e+00]
 [  0.00000000e+00   0.00000000e+00   0.00000000e+00   0.00000000e+00
    0.00000000e+00   0.00000000e+00   0.00000000e+00   0.00000000e+00
    0.00000000e+00   0.00000000e+00   0.00000000e+00   0.00000000e+00
    0.00000000e+00   0.00000000e+00   0.00000000e+00]
 [  1.24800003e+02   1.25199997e+02   1.25199997e+02   1.25199997e+02
    1.24800003e+02   1.24800003e+02   1.24400002e+02   1.24800003e+02
    1.25199997e+02   1.24800003e+02   1.24800003e+02   1.24800003e+02
    1.24400002e+02   1.24800003e+02   1.24800003e+02]
 [  1.25000000e+02   1.25000000e+02   1.25000000e+02   1.25000000e+02
    1.25000000e+02   1.25000000e+02   1.25000000e+02   1.25000000e+02
    1.25000000e+02   1.25000000e+02   1.25000000e+02   1.25000000e+02
    1.25000000e+02   1.25000000e+02   1.25000000e+02]
 [  1.24599998e+02   1.24199997e+02   1.24599998e+02   1.25000000e+02
    1.24599998e+02   1.24599998e+02   1.24599998e+02   1.24599998e+02
    1.24199997e+02   1.24599998e+02   1.24599998e+02   1.24599998e+02
    1.24599998e+02   1.24599998e+02   1.24599998e+02]
 [  1.25000000e+02   1.25000000e+02   1.25000000e+02   1.25000000e+02
    1.25000000e+02   1.25000000e+02   1.25000000e+02   1.25000000e+02
    1.25000000e+02   1.25000000e+02   1.25000000e+02   1.25000000e+02
    1.25000000e+02   1.25000000e+02   1.25000000e+02]
 [  7.98000031e+01   7.98000031e+01   7.98000031e+01   7.98000031e+01
    7.98000031e+01   7.98000031e+01   7.98000031e+01   7.98000031e+01
    7.98000031e+01   7.98000031e+01   7.98000031e+01   7.98000031e+01
    7.98000031e+01   7.98000031e+01   7.98000031e+01]
 [  8.00000000e+01   8.00000000e+01   8.00000000e+01   8.00000000e+01
    8.00000000e+01   8.00000000e+01   8.00000000e+01   8.00000000e+01
    8.00000000e+01   8.00000000e+01   8.00000000e+01   8.00000000e+01
    8.00000000e+01   8.00000000e+01   8.00000000e+01]
 [  8.00999985e+01   8.01999969e+01   8.01999969e+01   8.01999969e+01
    8.01999969e+01   8.01999969e+01   8.01999969e+01   8.01999969e+01
    8.01999969e+01   8.01999969e+01   8.01999969e+01   8.01999969e+01
    8.05000000e+01   8.05000000e+01   8.05000000e+01]
 [  8.00000000e+01   8.00000000e+01   8.00000000e+01   8.00000000e+01
    8.00000000e+01   8.00000000e+01   8.00000000e+01   8.00000000e+01
    8.00000000e+01   8.00000000e+01   8.00000000e+01   8.00000000e+01
    8.00000000e+01   8.00000000e+01   8.00000000e+01]
 [  6.50000000e+01   6.50000000e+01   6.49000015e+01   6.49000015e+01
    6.49000015e+01   6.49000015e+01   6.49000015e+01   6.49000015e+01
    6.49000015e+01   6.49000015e+01   6.49000015e+01   6.49000015e+01
    6.50999985e+01   6.50999985e+01   6.50999985e+01]]
mat_n [[ 0.06683803  0.06683803  0.06683803  0.06683803  0.06683803  0.06838045
   0.06838045  0.06838045  0.06838045  0.06838045  0.06478148  0.06478148
   0.06478148  0.06478148  0.06478148]
 [ 0.06666667  0.06666667  0.06666667  0.06666667  0.06666667  0.06666667
   0.06666667  0.06666667  0.06666667  0.06666667  0.06666667  0.06666667
   0.06666667  0.06666667  0.06666667]
 [ 0.          0.          0.02623156  0.06800409  0.08192827  0.08229122
   0.08232421  0.08235721  0.0824562   0.0824232   0.0823902   0.0824562
   0.08235721  0.0824232   0.08235721]
 [ 0.06666667  0.06666667  0.06666667  0.06666667  0.06666667  0.06666667
   0.06666667  0.06666667  0.06666667  0.06666667  0.06666667  0.06666667
   0.06666667  0.06666667  0.06666667]
 [ 0.06666667  0.06666667  0.06666667  0.06666667  0.06666667  0.06666667
   0.06666667  0.06666667  0.06666667  0.06666667  0.06666667  0.06666667
   0.06666667  0.06666667  0.06666667]
 [ 0.          0.          0.          0.3081761   0.05031446  0.13207547
   0.06289309  0.01257862  0.0754717   0.16981132  0.03144654  0.03773585
   0.03144654  0.04402516  0.04402516]
 [ 0.          0.          0.15869017  0.16750629  0.16624685  0.15869017
   0.15239295  0.11460957  0.05037783  0.01133501  0.01763224  0.00251889
   0.          0.          0.        ]
 [        nan         nan         nan         nan         nan         nan
          nan         nan         nan         nan         nan         nan
          nan         nan         nan]
 [        nan         nan         nan         nan         nan         nan
          nan         nan         nan         nan         nan         nan
          nan         nan         nan]
 [        nan         nan         nan         nan         nan         nan
          nan         nan         nan         nan         nan         nan
          nan         nan         nan]
 [        nan         nan         nan         nan         nan         nan
          nan         nan         nan         nan         nan         nan
          nan         nan         nan]
 [ 0.43074459  0.43074459  0.03042434  0.          0.          0.          0.
   0.00640512  0.01200961  0.01441153  0.01361089  0.01601281  0.01521217
   0.01521217  0.01521217]
 [        nan         nan         nan         nan         nan         nan
          nan         nan         nan         nan         nan         nan
          nan         nan         nan]
 [        nan         nan         nan         nan         nan         nan
          nan         nan         nan         nan         nan         nan
          nan         nan         nan]
 [        nan         nan         nan         nan         nan         nan
          nan         nan         nan         nan         nan         nan
          nan         nan         nan]
 [        nan         nan         nan         nan         nan         nan
          nan         nan         nan         nan         nan         nan
          nan         nan         nan]
 [        nan         nan         nan         nan         nan         nan
          nan         nan         nan         nan         nan         nan
          nan         nan         nan]
 [        nan         nan         nan         nan         nan         nan
          nan         nan         nan         nan         nan         nan
          nan         nan         nan]
 [        nan         nan         nan         nan         nan         nan
          nan         nan         nan         nan         nan         nan
          nan         nan         nan]
 [        nan         nan         nan         nan         nan         nan
          nan         nan         nan         nan         nan         nan
          nan         nan         nan]
 [        nan         nan         nan         nan         nan         nan
          nan         nan         nan         nan         nan         nan
          nan         nan         nan]
 [ 0.06685177  0.06663819  0.06663819  0.06663819  0.06685177  0.06663819
   0.06663819  0.06663819  0.0664246   0.0664246   0.06663819  0.06663819
   0.06663819  0.06685177  0.06685177]
 [ 0.06666667  0.06666667  0.06666667  0.06666667  0.06666667  0.06666667
   0.06666667  0.06666667  0.06666667  0.06666667  0.06666667  0.06666667
   0.06666667  0.06666667  0.06666667]
 [ 0.0667735   0.0667735   0.0667735   0.0667735   0.06661325  0.06661325
   0.06650641  0.06661325  0.06661325  0.06650641  0.06661325  0.06650641
   0.0667735   0.0667735   0.0667735 ]
 [        nan         nan         nan         nan         nan         nan
          nan         nan         nan         nan         nan         nan
          nan         nan         nan]
 [        nan         nan         nan         nan         nan         nan
          nan         nan         nan         nan         nan         nan
          nan         nan         nan]
 [        nan         nan         nan         nan         nan         nan
          nan         nan         nan         nan         nan         nan
          nan         nan         nan]
 [        nan         nan         nan         nan         nan         nan
          nan         nan         nan         nan         nan         nan
          nan         nan         nan]
 [        nan         nan         nan         nan         nan         nan
          nan         nan         nan         nan         nan         nan
          nan         nan         nan]
 [        nan         nan         nan         nan         nan         nan
          nan         nan         nan         nan         nan         nan
          nan         nan         nan]
 [        nan         nan         nan         nan         nan         nan
          nan         nan         nan         nan         nan         nan
          nan         nan         nan]
 [        nan         nan         nan         nan         nan         nan
          nan         nan         nan         nan         nan         nan
          nan         nan         nan]
 [        nan         nan         nan         nan         nan         nan
          nan         nan         nan         nan         nan         nan
          nan         nan         nan]
 [ 0.06663818  0.06685176  0.06685176  0.06685176  0.06663818  0.06663818
   0.06642459  0.06663818  0.06685176  0.06663818  0.06663818  0.06663818
   0.06642459  0.06663818  0.06663818]
 [ 0.06666667  0.06666667  0.06666667  0.06666667  0.06666667  0.06666667
   0.06666667  0.06666667  0.06666667  0.06666667  0.06666667  0.06666667
   0.06666667  0.06666667  0.06666667]
 [ 0.06668095  0.06646688  0.06668095  0.06689501  0.06668095  0.06668095
   0.06668095  0.06668095  0.06646688  0.06668095  0.06668095  0.06668095
   0.06668095  0.06668095  0.06668095]
 [ 0.06666667  0.06666667  0.06666667  0.06666667  0.06666667  0.06666667
   0.06666667  0.06666667  0.06666667  0.06666667  0.06666667  0.06666667
   0.06666667  0.06666667  0.06666667]
 [ 0.06666667  0.06666667  0.06666667  0.06666667  0.06666667  0.06666667
   0.06666667  0.06666667  0.06666667  0.06666667  0.06666667  0.06666667
   0.06666667  0.06666667  0.06666667]
 [ 0.06666667  0.06666667  0.06666667  0.06666667  0.06666667  0.06666667
   0.06666667  0.06666667  0.06666667  0.06666667  0.06666667  0.06666667
   0.06666667  0.06666667  0.06666667]
 [ 0.06653929  0.06662235  0.06662235  0.06662235  0.06662235  0.06662235
   0.06662235  0.06662235  0.06662235  0.06662235  0.06662235  0.06662235
   0.06687157  0.06687157  0.06687157]
 [ 0.06666667  0.06666667  0.06666667  0.06666667  0.06666667  0.06666667
   0.06666667  0.06666667  0.06666667  0.06666667  0.06666667  0.06666667
   0.06666667  0.06666667  0.06666667]
 [ 0.06671456  0.06671456  0.06661193  0.06661193  0.06661193  0.06661193
   0.06661193  0.06661193  0.06661193  0.06661193  0.06661193  0.06661193
   0.0668172   0.0668172   0.0668172 ]]
