0.666667 0.629630 0.629630 0.740741 0.666667 0.592593 0.851852 0.740741 0.703704 0.629630 0.703704 0.629630 0.629630 0.555556 0.629630 0.592593 0.666667 0.703704 0.666667 0.592593 
0.555556 0.629630 0.592593 0.518519 0.481481 0.592593 0.592593 0.518519 0.518519 0.592593 0.629630 0.666667 0.703704 0.518519 0.629630 0.629630 0.629630 0.703704 0.740741 0.407407 
0.703704 0.592593 0.666667 0.629630 0.740741 0.703704 0.666667 0.592593 0.629630 0.555556 0.555556 0.592593 0.592593 0.629630 0.629630 0.703704 0.592593 0.666667 0.629630 0.740741 
0.703704 0.518519 0.592593 0.555556 0.518519 0.629630 0.703704 0.592593 0.703704 0.629630 0.740741 0.703704 0.518519 0.777778 0.518519 0.703704 0.592593 0.740741 0.740741 0.481481 
0.666667 0.629630 0.666667 0.666667 0.444444 0.666667 0.629630 0.629630 0.629630 0.740741 0.518519 0.666667 0.555556 0.629630 0.703704 0.592593 0.703704 0.703704 0.518519 0.592593 
0.592593 0.407407 0.629630 0.703704 0.555556 0.703704 0.629630 0.518519 0.518519 0.777778 0.592593 0.518519 0.592593 0.777778 0.703704 0.629630 0.703704 0.518519 0.629630 0.481481 
0.777778 0.629630 0.777778 0.703704 0.666667 0.629630 0.740741 0.703704 0.592593 0.740741 0.592593 0.555556 0.555556 0.703704 0.666667 0.629630 0.703704 0.666667 0.703704 0.777778 
0.666667 0.703704 0.703704 0.518519 0.777778 0.703704 0.666667 0.703704 0.629630 0.666667 0.629630 0.629630 0.629630 0.666667 0.703704 0.629630 0.814815 0.592593 0.740741 0.629630 
0.666667 0.592593 0.555556 0.555556 0.592593 0.703704 0.629630 0.666667 0.666667 0.740741 0.481481 0.666667 0.481481 0.629630 0.555556 0.703704 0.592593 0.740741 0.666667 0.666667 
0.740741 0.666667 0.666667 0.703704 0.851852 0.666667 0.666667 0.629630 0.629630 0.703704 0.666667 0.629630 0.555556 0.740741 0.592593 0.629630 0.518519 0.740741 0.629630 0.814815 
0.851852 0.703704 0.740741 0.777778 0.814815 0.851852 0.740741 0.777778 0.777778 0.777778 0.851852 0.851852 0.962963 0.814815 0.888889 0.777778 0.851852 0.703704 0.888889 0.703704 
0.703704 0.666667 0.740741 0.518519 0.666667 0.666667 0.592593 0.666667 0.629630 0.629630 0.666667 0.629630 0.703704 0.703704 0.666667 0.703704 0.629630 0.740741 0.629630 0.666667 
0.740741 0.592593 0.740741 0.592593 0.555556 0.740741 0.629630 0.555556 0.555556 0.666667 0.740741 0.703704 0.592593 0.666667 0.629630 0.703704 0.703704 0.592593 0.703704 0.666667 
0.629630 0.629630 0.592593 0.629630 0.740741 0.518519 0.629630 0.703704 0.703704 0.703704 0.814815 0.555556 0.481481 0.851852 0.629630 0.740741 0.740741 0.851852 0.666667 0.851852 
0.555556 0.666667 0.703704 0.703704 0.555556 0.592593 0.592593 0.592593 0.444444 0.629630 0.555556 0.777778 0.851852 0.666667 0.703704 0.666667 0.592593 0.592593 0.629630 0.592593 
0.740741 0.629630 0.703704 0.518519 0.703704 0.592593 0.592593 0.703704 0.518519 0.666667 0.629630 0.703704 0.592593 0.629630 0.444444 0.555556 0.555556 0.629630 0.629630 0.777778 
0.592593 0.666667 0.592593 0.666667 0.629630 0.592593 0.629630 0.703704 0.629630 0.592593 0.703704 0.592593 0.740741 0.592593 0.666667 0.666667 0.666667 0.629630 0.740741 0.703704 
0.666667 0.740741 0.777778 0.629630 0.592593 0.666667 0.777778 0.740741 0.629630 0.629630 0.629630 0.666667 0.703704 0.629630 0.592593 0.555556 0.444444 0.703704 0.666667 0.666667 
0.629630 0.629630 0.629630 0.666667 0.555556 0.629630 0.666667 0.666667 0.592593 0.555556 0.555556 0.592593 0.518519 0.629630 0.703704 0.740741 0.481481 0.666667 0.703704 0.592593 
0.555556 0.666667 0.629630 0.555556 0.740741 0.666667 0.666667 0.666667 0.666667 0.703704 0.814815 0.666667 0.666667 0.666667 0.629630 0.629630 0.703704 0.666667 0.777778 0.481481 
0.666667 0.592593 0.629630 0.666667 0.666667 0.777778 0.518519 0.777778 0.666667 0.629630 0.555556 0.629630 0.518519 0.629630 0.592593 0.777778 0.740741 0.703704 0.592593 0.592593 
0
0.555556 0.666667 0.740741 0.629630 0.666667 0.629630 0.555556 0.481481 0.555556 0.592593 0.629630 0.592593 0.555556 0.666667 0.666667 0.629630 0.629630 0.555556 0.481481 0.629630 
0.555556 0.629630 0.629630 0.555556 0.777778 0.740741 0.666667 0.666667 0.555556 0.703704 0.592593 0.629630 0.740741 0.481481 0.555556 0.740741 0.555556 0.703704 0.666667 0.481481 
0.666667 0.740741 0.629630 0.703704 0.740741 0.629630 0.629630 0.666667 0.666667 0.518519 0.444444 0.629630 0.703704 0.629630 0.555556 0.592593 0.666667 0.740741 0.666667 0.518519 
