0.042247 0.042430 0.036975 0.040402 0.031252 0.045130 0.041050 0.047405 0.049742 0.047906 0.048703 0.049694 0.045514 0.034320 0.042523 0.049914 0.050905 0.035704 0.035707 0.036020 
0.033887 0.049409 0.048560 0.041791 0.046460 0.047544 0.052508 0.046922 0.033872 0.034118 0.047998 0.048025 0.044003 0.048161 0.034138 0.046765 0.033602 0.034145 0.038399 0.047801 
0.017078 0.017564 0.017638 0.017371 0.017637 0.017196 0.017579 0.018088 0.017556 0.017406 0.017791 0.017666 0.017803 0.017640 0.017890 0.017566 0.017536 0.017789 0.017440 0.017675 
0.017239 0.017821 0.017367 0.017472 0.017821 0.017454 0.017704 0.017700 0.017493 0.017797 0.017552 0.017674 0.017748 0.017526 0.017892 0.018370 0.017733 0.017272 0.017631 0.017882 
0.021827 0.021606 0.021287 0.021226 0.022017 0.021100 0.021851 0.021323 0.021624 0.021364 0.021660 0.021304 0.021180 0.021228 0.021113 0.021445 0.021340 0.021627 0.021460 0.021416 
0.022249 0.021908 0.021889 0.021715 0.021788 0.021696 0.021569 0.021689 0.021746 0.021803 0.021482 0.022122 0.021574 0.021826 0.021915 0.021560 0.021745 0.021529 0.021862 0.022452 
0.047806 0.047438 0.048244 0.047939 0.048056 0.035814 0.034515 0.048169 0.034149 0.049097 0.036096 0.034317 0.045993 0.047853 0.034756 0.048064 0.034063 0.040568 0.045296 0.045160 
0.060033 0.057923 0.059371 0.053290 0.056981 0.052603 0.059092 0.057676 0.041104 0.049377 0.040727 0.043827 0.054909 0.057496 0.058914 0.049612 0.050107 0.049052 0.053063 0.058080 
0.048804 0.034724 0.034600 0.047796 0.048833 0.048606 0.051687 0.035128 0.046926 0.048648 0.047491 0.043609 0.047263 0.037966 0.042977 0.047191 0.037338 0.049171 0.034324 0.047423 
0.017618 0.017172 0.017611 0.017791 0.017760 0.017321 0.018076 0.017820 0.017307 0.017293 0.017777 0.017888 0.017608 0.017391 0.017750 0.017308 0.017333 0.018394 0.017051 0.017828 
0.017147 0.017338 0.017126 0.016934 0.017087 0.017553 0.017238 0.017310 0.017228 0.017304 0.017511 0.017691 0.017270 0.017521 0.017562 0.017087 0.017471 0.017138 0.017755 0.016974 
0.021405 0.021465 0.021135 0.021379 0.021106 0.021072 0.021653 0.021134 0.021651 0.020697 0.021236 0.021632 0.021711 0.021063 0.021602 0.020948 0.021470 0.020779 0.020930 0.021127 
0.023002 0.024094 0.023849 0.023508 0.024074 0.022842 0.023998 0.023479 0.023214 0.023205 0.023674 0.023808 0.023850 0.022997 0.023202 0.022981 0.023467 0.022762 0.023160 0.023481 
0.053222 0.054695 0.052430 0.067360 0.053443 0.037687 0.047473 0.052281 0.054374 0.046521 0.038141 0.037358 0.047127 0.038306 0.053242 0.054188 0.052883 0.036938 0.037440 0.037265 
0.045325 0.063125 0.043031 0.043402 0.062891 0.061084 0.051954 0.062401 0.064309 0.063092 0.044159 0.044015 0.062930 0.051355 0.052214 0.063522 0.065665 0.062310 0.056834 0.044850 
0.039083 0.040693 0.052470 0.051327 0.051598 0.052875 0.037324 0.036728 0.051955 0.054634 0.061847 0.046053 0.054105 0.049938 0.051646 0.043872 0.045752 0.037320 0.050895 0.037639 
0.017926 0.017727 0.018026 0.017475 0.017998 0.017927 0.018108 0.017714 0.018084 0.017317 0.018035 0.017568 0.017720 0.018060 0.018023 0.017797 0.017870 0.017936 0.017633 0.017655 
0.017749 0.017844 0.018080 0.018039 0.017651 0.017779 0.017816 0.018127 0.017876 0.017674 0.018069 0.017883 0.018070 0.017524 0.018018 0.018155 0.017686 0.018438 0.018094 0.018093 
0.021437 0.021660 0.021413 0.021634 0.021380 0.021999 0.021458 0.021885 0.021525 0.021760 0.021469 0.021609 0.022083 0.021486 0.021607 0.021156 0.021551 0.021885 0.021480 0.021898 
0.023142 0.023116 0.022780 0.023431 0.023122 0.023127 0.023604 0.023868 0.023471 0.023435 0.022642 0.023305 0.022928 0.022878 0.023467 0.023256 0.022581 0.022903 0.022914 0.022959 
0.060380 0.088117 0.075197 0.073359 0.072462 0.080536 0.082172 0.089672 0.089147 0.073708 0.089269 0.075497 0.089831 0.074553 0.080720 0.097197 0.084820 0.089011 0.084046 0.095320 
0
0.041226 0.043820 0.043315 0.032079 0.044534 0.044621 0.045646 0.043000 0.046910 0.041687 0.045294 0.046926 0.038887 0.046406 0.048046 0.036034 0.050620 0.043441 0.039085 0.042399 
0.016844 0.016506 0.016630 0.016702 0.016737 0.016901 0.016445 0.016691 0.016772 0.016765 0.016416 0.016513 0.016484 0.016552 0.016606 0.016543 0.016693 0.016441 0.016776 0.016735 
0.019178 0.019169 0.018677 0.019167 0.019046 0.019261 0.019211 0.019103 0.019051 0.018952 0.019121 0.019288 0.019404 0.019222 0.019178 0.019038 0.019103 0.019233 0.019131 0.019079 
