0.812150 0.828166 0.814850 0.822669 0.811802 0.827454 0.832469 0.837018 0.824937 0.820345 0.835312 0.817246 0.851157 0.848593 0.842710 0.869322 0.848293 0.865913 0.869545 0.847616 
0.666594 0.666676 0.674388 0.685567 0.702818 0.679137 0.674555 0.676587 0.690367 0.679662 0.690361 0.703831 0.701828 0.702202 0.700829 0.696653 0.696938 0.706118 0.693922 0.720572 
0.320901 0.319522 0.318774 0.320902 0.320108 0.322294 0.326732 0.324648 0.324776 0.319787 0.320923 0.318053 0.319155 0.326437 0.320806 0.324468 0.330483 0.324201 0.327417 0.334917 
0.327390 0.333321 0.324842 0.328874 0.333322 0.331330 0.330281 0.337224 0.327893 0.322669 0.332451 0.331210 0.331249 0.329670 0.335397 0.330161 0.331381 0.329020 0.331475 0.331387 
0.385443 0.384679 0.385864 0.390085 0.383432 0.382951 0.383250 0.391545 0.382297 0.377620 0.380388 0.380666 0.382162 0.385988 0.386618 0.386305 0.391092 0.382442 0.390846 0.388343 
0.385878 0.391998 0.386711 0.394969 0.393718 0.390096 0.398451 0.391395 0.385100 0.382848 0.385905 0.392267 0.396297 0.388815 0.393443 0.392961 0.391222 0.396908 0.391033 0.390373 
0.752278 0.779529 0.751667 0.748334 0.749736 0.747730 0.763360 0.743844 0.775028 0.771606 0.752704 0.736426 0.762706 0.787244 0.743713 0.746770 0.787668 0.755269 0.761110 0.797968 
1.381383 1.384682 1.379583 1.392678 1.383307 1.384907 1.385736 1.379838 1.390807 1.352233 1.359628 1.374241 1.399900 1.399137 1.394132 1.388248 1.350502 1.399735 1.366270 1.379759 
0.925616 0.947239 0.928824 0.936250 0.932822 0.923818 0.939564 0.934806 0.924378 0.931206 0.904007 0.937123 0.932321 0.935484 0.934570 0.928653 0.922728 0.917805 0.896633 0.911285 
0.347203 0.342017 0.352883 0.344130 0.344046 0.342935 0.347258 0.347368 0.343878 0.345774 0.339617 0.340911 0.354703 0.343280 0.344628 0.339114 0.345162 0.346097 0.341881 0.342524 
0.345057 0.343882 0.340496 0.347331 0.347708 0.347809 0.342336 0.336433 0.352535 0.340824 0.338344 0.345803 0.349986 0.345559 0.347545 0.341308 0.347353 0.348173 0.341574 0.349732 
0.391331 0.393236 0.400911 0.394994 0.392489 0.405657 0.394805 0.393074 0.395897 0.396601 0.394498 0.395260 0.400086 0.397377 0.395855 0.389551 0.399056 0.392859 0.403867 0.393062 
0.390889 0.391820 0.393854 0.396204 0.400324 0.396085 0.400158 0.395995 0.397280 0.398759 0.397861 0.394227 0.394105 0.397795 0.390710 0.398677 0.400110 0.401674 0.400851 0.392800 
0.860928 0.872557 0.894731 0.882159 0.871236 0.871661 0.888355 0.873624 0.896707 0.877874 0.881840 0.886246 0.885407 0.886383 0.880661 0.876493 0.873850 0.881907 0.889077 0.898219 
1.378544 1.378779 1.380212 1.359213 1.409254 1.373951 1.405155 1.388145 1.409358 1.372230 1.406845 1.384164 1.381867 1.407496 1.379808 1.392587 1.393661 1.409341 1.374486 1.376448 
1.213843 1.187618 1.203091 1.193747 1.189986 1.222283 1.194264 1.192375 1.214154 1.235641 1.217452 1.178957 1.209535 1.186416 1.186091 1.191015 1.222965 1.194301 1.174455 1.204249 
0.354839 0.348143 0.344907 0.350499 0.347234 0.346694 0.346544 0.350753 0.343753 0.347680 0.342598 0.346743 0.346159 0.345628 0.344831 0.346305 0.347351 0.347804 0.340456 0.352705 
0.341553 0.345486 0.344858 0.347308 0.346564 0.343711 0.338029 0.346891 0.341481 0.343566 0.349170 0.350673 0.339719 0.343768 0.338745 0.348140 0.351186 0.338663 0.343144 0.350993 
0.398770 0.398177 0.393744 0.401179 0.398635 0.388171 0.400198 0.397036 0.395830 0.400034 0.396819 0.397895 0.396795 0.390390 0.401388 0.395981 0.399425 0.396912 0.389607 0.403753 
0.396242 0.397751 0.394933 0.393579 0.389912 0.391444 0.397168 0.395639 0.392969 0.396648 0.398191 0.397076 0.399080 0.401868 0.399779 0.397851 0.402101 0.399340 0.405126 0.396874 
5.446053 5.393098 5.389376 5.363938 5.478347 5.395858 5.464185 5.403313 5.361675 5.421801 5.385446 5.369809 5.425825 5.529079 5.440582 5.602913 5.442724 5.570632 5.400604 5.448375 
6.522557 6.581846 6.481599 6.581007 6.552405 6.475072 6.595021 6.605974 6.528845 6.479902 6.448486 6.504288 6.520921 6.491376 6.547887 6.435231 6.508632 6.480082 6.533889 6.494269 
0.627797 0.631926 0.624071 0.633754 0.651140 0.633669 0.634893 0.629618 0.628639 0.623384 0.632363 0.632363 0.626841 0.639512 0.645510 0.641716 0.639710 0.628966 0.625089 0.633574 
0.362961 0.355519 0.364717 0.364988 0.352711 0.364135 0.353141 0.359036 0.355316 0.354992 0.362699 0.362462 0.357936 0.356038 0.357576 0.359309 0.359200 0.359951 0.359544 0.363394 
0.480342 0.483083 0.474563 0.485791 0.472276 0.475160 0.474346 0.483078 0.473789 0.478308 0.476231 0.474600 0.484047 0.477569 0.474779 0.478456 0.479800 0.483835 0.475447 0.479242 
0.283308 0.281760 0.283068 0.280981 0.282417 0.281012 0.282601 0.286654 0.281771 0.282125 0.283530 0.281652 0.282635 0.281046 0.281473 0.283998 0.283987 0.279304 0.283027 0.283456 
