0.777778 0.629630 0.592593 0.629630 0.777778 0.629630 0.629630 0.592593 0.703704 0.703704 0.407407 0.703704 0.740741 0.555556 0.666667 0.703704 0.629630 0.777778 0.555556 0.740741 
0.740741 0.740741 0.666667 0.259259 0.703704 0.740741 0.481481 0.740741 0.740741 0.703704 0.629630 0.703704 0.740741 0.629630 0.740741 0.592593 0.481481 0.666667 0.740741 0.629630 
0.703704 0.777778 0.629630 0.703704 0.740741 0.740741 0.592593 0.555556 0.740741 0.703704 0.518519 0.740741 0.629630 0.703704 0.592593 0.703704 0.740741 0.703704 0.740741 0.518519 
0.740741 0.740741 0.740741 0.703704 0.740741 0.740741 0.666667 0.555556 0.592593 0.629630 0.592593 0.740741 0.666667 0.740741 0.740741 0.740741 0.777778 0.740741 0.666667 0.777778 
0.703704 0.740741 0.740741 0.777778 0.777778 0.740741 0.703704 0.740741 0.740741 0.666667 0.703704 0.629630 0.740741 0.703704 0.592593 0.740741 0.666667 0.740741 0.740741 0.703704 
0.777778 0.740741 0.740741 0.777778 0.592593 0.740741 0.518519 0.740741 0.592593 0.740741 0.703704 0.444444 0.740741 0.444444 0.666667 0.555556 0.703704 0.555556 0.740741 0.666667 
0.703704 0.481481 0.407407 0.629630 0.740741 0.592593 0.703704 0.703704 0.592593 0.481481 0.740741 0.703704 0.740741 0.518519 0.740741 0.333333 0.518519 0.703704 0.740741 0.740741 
0.666667 0.703704 0.740741 0.518519 0.740741 0.518519 0.592593 0.592593 0.740741 0.370370 0.703704 0.740741 0.629630 0.740741 0.740741 0.629630 0.703704 0.259259 0.629630 0.666667 
0.666667 0.740741 0.518519 0.703704 0.555556 0.703704 0.629630 0.518519 0.666667 0.296296 0.555556 0.703704 0.703704 0.740741 0.703704 0.518519 0.592593 0.592593 0.703704 0.407407 
0.629630 0.629630 0.666667 0.370370 0.592593 0.629630 0.740741 0.740741 0.703704 0.740741 0.296296 0.740741 0.666667 0.740741 0.592593 0.740741 0.740741 0.740741 0.629630 0.703704 
0.814815 0.666667 0.740741 0.740741 0.666667 0.666667 0.740741 0.666667 0.518519 0.629630 0.740741 0.555556 0.666667 0.703704 0.666667 0.740741 0.777778 0.666667 0.518519 0.629630 
0.629630 0.444444 0.703704 0.740741 0.666667 0.740741 0.740741 0.777778 0.407407 0.740741 0.703704 0.703704 0.444444 0.592593 0.740741 0.703704 0.666667 0.592593 0.481481 0.740741 
0.444444 0.666667 0.629630 0.666667 0.740741 0.703704 0.629630 0.592593 0.703704 0.740741 0.703704 0.740741 0.666667 0.740741 0.740741 0.703704 0.666667 0.740741 0.703704 0.407407 
0.703704 0.740741 0.259259 0.740741 0.407407 0.740741 0.740741 0.592593 0.592593 0.777778 0.629630 0.703704 0.703704 0.481481 0.481481 0.814815 0.555556 0.666667 0.666667 0.703704 
0.740741 0.629630 0.629630 0.740741 0.777778 0.592593 0.666667 0.666667 0.629630 0.703704 0.740741 0.592593 0.814815 0.370370 0.740741 0.703704 0.703704 0.740741 0.740741 0.703704 
0.740741 0.555556 0.740741 0.666667 0.740741 0.666667 0.592593 0.629630 0.740741 0.740741 0.592593 0.259259 0.592593 0.740741 0.666667 0.703704 0.592593 0.296296 0.629630 0.703704 
0.777778 0.740741 0.703704 0.740741 0.777778 0.666667 0.740741 0.592593 0.666667 0.740741 0.703704 0.629630 0.592593 0.629630 0.703704 0.703704 0.629630 0.703704 0.481481 0.740741 
0.629630 0.703704 0.777778 0.592593 0.740741 0.740741 0.666667 0.703704 0.740741 0.740741 0.777778 0.740741 0.703704 0.444444 0.703704 0.666667 0.740741 0.740741 0.740741 0.444444 
0.666667 0.629630 0.666667 0.703704 0.740741 0.629630 0.703704 0.740741 0.703704 0.740741 0.740741 0.703704 0.555556 0.592593 0.370370 0.703704 0.666667 0.444444 0.370370 0.740741 
0.666667 0.629630 0.555556 0.740741 0.629630 0.814815 0.481481 0.703704 0.740741 0.481481 0.703704 0.777778 0.740741 0.666667 0.703704 0.703704 0.703704 0.518519 0.740741 0.740741 
0.333333 0.777778 0.703704 0.518519 0.777778 0.740741 0.592593 0.740741 0.703704 0.518519 0.703704 0.555556 0.592593 0.740741 0.444444 0.740741 0.740741 0.592593 0.481481 0.481481 
0.629630 0.703704 0.740741 0.555556 0.666667 0.740741 0.740741 0.666667 0.629630 0.740741 0.740741 0.407407 0.740741 0.518519 0.740741 0.703704 0.629630 0.703704 0.703704 0.740741 
0.740741 0.740741 0.666667 0.629630 0.703704 0.629630 0.555556 0.740741 0.481481 0.740741 0.555556 0.481481 0.666667 0.740741 0.703704 0.740741 0.666667 0.592593 0.740741 0.370370 
0.518519 0.592593 0.481481 0.740741 0.740741 0.703704 0.740741 0.740741 0.592593 0.518519 0.666667 0.703704 0.555556 0.629630 0.259259 0.703704 0.592593 0.740741 0.592593 0.296296 
0.740741 0.444444 0.703704 0.555556 0.740741 0.740741 0.740741 0.740741 0.703704 0.629630 0.703704 0.629630 0.407407 0.777778 0.703704 0.740741 0.629630 0.888889 0.777778 0.740741 
