0.250000 0.000000 0.153846 0.166667 0.250000 0.000000 0.166667 0.153846 0.500000 0.428571 0.272727 0.200000 0.461538 0.142857 0.000000 0.000000 0.375000 0.250000 0.333333 0.000000 
0.000000 0.000000 0.181818 0.000000 0.000000 0.222222 0.000000 0.000000 0.000000 0.000000 0.375000 0.000000 0.533333 0.000000 0.222222 0.153846 0.363636 0.307692 0.000000 0.166667 
0.000000 0.500000 0.375000 0.333333 0.363636 0.000000 0.000000 0.333333 0.000000 0.200000 0.133333 0.222222 0.285714 0.000000 0.352941 0.000000 0.000000 0.000000 0.000000 0.235294 
0.000000 0.000000 0.000000 0.000000 0.000000 0.222222 0.000000 0.250000 0.153846 0.000000 0.476190 0.000000 0.000000 0.000000 0.000000 0.000000 0.250000 0.000000 0.000000 0.400000 
0.200000 0.000000 0.000000 0.250000 0.400000 0.000000 0.333333 0.000000 0.363636 0.000000 0.428571 0.000000 0.363636 0.200000 0.000000 0.000000 0.307692 0.000000 0.222222 0.200000 
0.250000 0.000000 0.000000 0.250000 0.266667 0.000000 0.235294 0.000000 0.266667 0.000000 0.200000 0.444444 0.363636 0.444444 0.307692 0.000000 0.500000 0.142857 0.000000 0.400000 
0.000000 0.363636 0.272727 0.166667 0.000000 0.000000 0.200000 0.000000 0.266667 0.416667 0.000000 0.428571 0.000000 0.133333 0.000000 0.357143 0.380952 0.200000 0.000000 0.000000 
0.000000 0.000000 0.000000 0.133333 0.000000 0.315789 0.000000 0.421053 0.000000 0.105263 0.000000 0.000000 0.444444 0.000000 0.000000 0.000000 0.000000 0.411765 0.000000 0.307692 
0.307692 0.000000 0.434783 0.428571 0.250000 0.000000 0.285714 0.380952 0.000000 0.387097 0.250000 0.000000 0.000000 0.000000 0.000000 0.133333 0.153846 0.153846 0.200000 0.333333 
0.375000 0.166667 0.181818 0.451613 0.352941 0.000000 0.000000 0.000000 0.200000 0.000000 0.344828 0.000000 0.181818 0.000000 0.000000 0.000000 0.000000 0.000000 0.166667 0.000000 
0.444444 0.307692 0.000000 0.363636 0.181818 0.181818 0.222222 0.000000 0.380952 0.166667 0.000000 0.250000 0.000000 0.200000 0.000000 0.000000 0.250000 0.000000 0.315789 0.166667 
0.000000 0.285714 0.200000 0.000000 0.181818 0.000000 0.222222 0.250000 0.200000 0.000000 0.200000 0.200000 0.285714 0.153846 0.000000 0.000000 0.000000 0.000000 0.000000 0.000000 
0.117647 0.000000 0.000000 0.000000 0.000000 0.000000 0.000000 0.153846 0.333333 0.000000 0.000000 0.000000 0.000000 0.000000 0.000000 0.000000 0.000000 0.000000 0.428571 0.428571 
0.000000 0.000000 0.090909 0.631579 0.111111 0.000000 0.222222 0.266667 0.352941 0.250000 0.000000 0.200000 0.000000 0.222222 0.363636 0.444444 0.142857 0.000000 0.526316 0.200000 
0.000000 0.000000 0.000000 0.000000 0.500000 0.153846 0.181818 0.181818 0.375000 0.000000 0.000000 0.000000 0.444444 0.370370 0.000000 0.200000 0.000000 0.000000 0.222222 0.333333 
0.000000 0.000000 0.000000 0.000000 0.000000 0.181818 0.000000 0.285714 0.000000 0.000000 0.000000 0.285714 0.153846 0.000000 0.000000 0.200000 0.560000 0.173913 0.000000 0.333333 
0.250000 0.000000 0.000000 0.000000 0.400000 0.181818 0.000000 0.421053 0.000000 0.000000 0.500000 0.000000 0.266667 0.000000 0.200000 0.000000 0.375000 0.000000 0.000000 0.000000 
0.166667 0.200000 0.400000 0.266667 0.222222 0.222222 0.000000 0.200000 0.000000 0.000000 0.250000 0.000000 0.200000 0.000000 0.000000 0.000000 0.000000 0.000000 0.000000 0.000000 
0.000000 0.000000 0.181818 0.200000 0.000000 0.444444 0.000000 0.000000 0.000000 0.000000 0.000000 0.000000 0.000000 0.153846 0.320000 0.000000 0.181818 0.347826 0.105263 0.000000 
0.400000 0.166667 0.142857 0.222222 0.000000 0.545455 0.125000 0.000000 0.000000 0.222222 0.000000 0.250000 0.000000 0.000000 0.428571 0.333333 0.000000 0.235294 0.461538 0.000000 
0.181818 0.250000 0.000000 0.380952 0.250000 0.000000 0.421053 0.222222 0.333333 0.434783 0.500000 0.000000 0.153846 0.222222 0.210526 0.000000 0.000000 0.352941 0.416667 0.125000 
0.285714 0.333333 0.000000 0.333333 0.181818 0.000000 0.222222 0.000000 0.000000 0.222222 0.000000 0.272727 0.222222 0.235294 0.000000 0.000000 0.000000 0.200000 0.200000 0.363636 
0.000000 0.222222 0.000000 0.285714 0.000000 0.166667 0.400000 0.000000 0.125000 0.000000 0.142857 0.000000 0.181818 0.000000 0.000000 0.222222 0.307692 0.266667 0.363636 0.190476 
0.315789 0.266667 0.222222 0.000000 0.000000 0.333333 0.222222 0.461538 0.266667 0.315789 0.000000 0.200000 0.000000 0.000000 0.333333 0.000000 0.000000 0.000000 0.153846 0.344828 
0.533333 0.000000 0.000000 0.000000 0.000000 0.000000 0.000000 0.000000 0.000000 0.000000 0.000000 0.000000 0.333333 0.250000 0.000000 0.000000 0.000000 0.769231 0.400000 0.000000 
