0.333333 0.181818 0.000000 0.333333 0.166667 0.181818 0.500000 0.181818 0.166667 0.400000 0.333333 0.200000 0.588235 0.428571 0.153846 0.222222 0.200000 0.333333 0.000000 0.166667 
0.000000 0.285714 0.000000 0.133333 0.266667 0.000000 0.307692 0.428571 0.235294 0.000000 0.363636 0.000000 0.000000 0.166667 0.133333 0.222222 0.142857 0.000000 0.285714 0.181818 
0.181818 0.000000 0.000000 0.000000 0.200000 0.333333 0.181818 0.166667 0.000000 0.250000 0.000000 0.333333 0.153846 0.166667 0.133333 0.181818 0.153846 0.181818 0.153846 0.142857 
0.555556 0.125000 0.142857 0.285714 0.142857 0.428571 0.375000 0.250000 0.500000 0.142857 0.200000 0.200000 0.166667 0.533333 0.266667 0.375000 0.166667 0.222222 0.444444 0.250000 
0.200000 0.142857 0.400000 0.166667 0.375000 0.307692 0.470588 0.333333 0.000000 0.142857 0.200000 0.285714 0.333333 0.133333 0.307692 0.333333 0.181818 0.500000 0.571429 0.285714 
0.181818 0.000000 0.428571 0.166667 0.153846 0.181818 0.200000 0.153846 0.000000 0.363636 0.461538 0.181818 0.142857 0.500000 0.307692 0.153846 0.428571 0.250000 0.000000 0.285714 
0.181818 0.363636 0.181818 0.222222 0.545455 0.500000 0.285714 0.000000 0.285714 0.181818 0.461538 0.363636 0.181818 0.428571 0.222222 0.363636 0.200000 0.000000 0.200000 0.307692 
0.363636 0.333333 0.250000 0.142857 0.375000 0.307692 0.000000 0.000000 0.166667 0.153846 0.285714 0.307692 0.000000 0.142857 0.266667 0.250000 0.000000 0.222222 0.000000 0.352941 
0.000000 0.000000 0.363636 0.200000 0.266667 0.363636 0.307692 0.181818 0.000000 0.166667 0.125000 0.444444 0.266667 0.266667 0.000000 0.000000 0.428571 0.200000 0.400000 0.285714 
0.400000 0.461538 0.200000 0.285714 0.428571 0.428571 0.307692 0.166667 0.400000 0.200000 0.428571 0.181818 0.285714 0.222222 0.142857 0.307692 0.133333 0.200000 0.352941 0.000000 
0.571429 0.250000 0.444444 0.400000 0.666667 0.923077 0.461538 0.461538 0.461538 0.250000 0.769231 0.833333 0.666667 0.666667 0.769231 0.571429 0.727273 0.600000 0.600000 0.250000 
0.333333 0.307692 0.285714 0.222222 0.285714 0.400000 0.153846 0.400000 0.266667 0.200000 0.200000 0.181818 0.000000 0.307692 0.266667 0.153846 0.181818 0.181818 0.000000 0.181818 
0.500000 0.375000 0.461538 0.166667 0.153846 0.545455 0.444444 0.307692 0.000000 0.285714 0.461538 0.000000 0.333333 0.142857 0.266667 0.266667 0.333333 0.200000 0.181818 0.166667 
0.428571 0.266667 0.266667 0.117647 0.000000 0.153846 0.285714 0.153846 0.181818 0.285714 0.000000 0.266667 0.235294 0.400000 0.166667 0.333333 0.200000 0.000000 0.500000 0.266667 
0.200000 0.307692 0.363636 0.142857 0.181818 0.266667 0.266667 0.181818 0.333333 0.181818 0.285714 0.333333 0.266667 0.500000 0.166667 0.666667 0.363636 0.166667 0.200000 0.000000 
0.181818 0.142857 0.461538 0.300000 0.181818 0.222222 0.285714 0.363636 0.166667 0.571429 0.307692 0.333333 0.117647 0.000000 0.133333 0.166667 0.000000 0.181818 0.166667 0.285714 
0.181818 0.166667 0.333333 0.000000 0.181818 0.307692 0.285714 0.250000 0.166667 0.166667 0.181818 0.375000 0.461538 0.166667 0.000000 0.181818 0.153846 0.181818 0.461538 0.375000 
0.000000 0.153846 0.307692 0.000000 0.000000 0.166667 0.400000 0.333333 0.142857 0.181818 0.000000 0.333333 0.166667 0.000000 0.142857 0.333333 0.000000 0.166667 0.181818 0.333333 
0.555556 0.000000 0.166667 0.533333 0.266667 0.363636 0.200000 0.428571 0.444444 0.307692 0.615385 0.153846 0.307692 0.200000 0.266667 0.400000 0.153846 0.333333 0.200000 0.363636 
0.181818 0.266667 0.428571 0.000000 0.461538 0.400000 0.461538 0.363636 0.000000 0.400000 0.400000 0.285714 0.500000 0.000000 0.615385 0.181818 0.000000 0.307692 0.333333 0.400000 
0.400000 0.333333 0.000000 0.333333 0.428571 0.615385 0.333333 0.400000 0.000000 0.307692 0.285714 0.166667 0.166667 0.266667 0.000000 0.153846 0.000000 0.333333 0.266667 0.533333 
0.444444 0.181818 0.125000 0.285714 0.266667 0.181818 0.181818 0.461538 0.222222 0.500000 0.181818 0.545455 0.444444 0.200000 0.153846 0.200000 0.266667 0.000000 0.461538 0.428571 
0.166667 0.333333 0.133333 0.333333 0.000000 0.000000 0.235294 0.166667 0.222222 0.000000 0.235294 0.000000 0.166667 0.250000 0.000000 0.285714 0.500000 0.153846 0.181818 0.133333 
0.333333 0.400000 0.142857 0.333333 0.166667 0.571429 0.500000 0.363636 0.153846 0.400000 0.307692 0.166667 0.461538 0.307692 0.100000 0.000000 0.200000 0.400000 0.428571 0.153846 
0.200000 0.200000 0.000000 0.250000 0.222222 0.000000 0.307692 0.181818 0.142857 0.000000 0.250000 0.000000 0.470588 0.181818 0.000000 0.200000 0.428571 0.166667 0.363636 0.000000 
