date_time v002 v003 v004 v005 v012 v016 v017 v018 v019 v020 v021 v022 v029 v030 v035 v036 v037 v038 v044 v047 v048 v051 v052 v053 v061 v062 v063 v064 v070 v073 v074 v081 v082 v083 v084 v085 v086 v087 v088 v089 v090 v091 
196992416253320 13.1 13 2499 0 200 1 0 0 0 0 0 212 0 0 2.2 2.3 0 0 15 11 11 70.8 71 0.2 0 0 0 0 12.7 84.9 85 58.7 59 398.3 399 0 0 79.8 80 79.3 80 65.4 
196992416253330 13.1 13 2406 0 200 0 0 0 0 0 0 212 0 0 2.2 2.3 0 0 15 11 11 70.8 71 0.2 0 0 0 0 12.7 84.9 85 58.4 59 399.1 399 0 0 79.8 80 79.3 80 65.4 
196992416253340 13.1 13 166 0 0 0 0 0 0 0 0 6 0 0 2.2 0 0 0 0 11 0 71.3 0 0.2 0 0 0 0 0 84.9 0 59 0 398.3 0 0 0 79.8 80 79.3 80 65.3 
196992416253350 13.1 13 0 0 0 0 0 0 0 0 0 0 0 0 2.2 0 0 0 0 11 0 71.3 0 0 0 0 0 0 0 84.9 0 55.8 0 493.3 0 0 0 79.8 80 79.3 80 65.3 
196992416253360 13.1 13 0 0 0 0 0 0 0 0 0 0 0 0 2.2 0 0 0 0 10.9 0 70.8 0 0.2 0 0 0 0 0 84.9 0 57.4 0 135.1 0 0 0 79.8 80 79.3 80 65.3 
196992416253370 13.1 13 0 0 0 0 0 0 0 0 0 0 0 0 1.6 0 0 0 0 9.9 0 49.9 0 0.2 0 0 0 0 0 58.1 0 42.1 0 0 0 0 0 79.8 80 79.3 80 65.3 
196992416253380 13.1 13 0 0 0 0 0 0 0 0 0 0 0 0 1.1 0 0 0 0 8.8 0 27.6 0 0 0 0 0 0 0 31 0 23.6 0 0 0 0 0 79.8 80 79.3 80 65.3 
196992416253390 13.1 13 0 0 0 0 0 0 0 0 0 0 0 0 0.2 0 0 0 0 3.3 0 0 0 0.2 0 0 0 0 0 0 0 5.7 0 0 0 0 0 79.8 80 79.3 80 65.3 
196992416253400 13.1 13 0 0 0 0 0 0 0 0 0 0 0 0 0.1 0 0 0 0 2.9 0 0 0 0 0 0 0 0 0 0 0 0 0 0 0 0 0 79.8 80 79.3 80 65.3 
196992416253410 13.1 13 0 0 0 0 0 0 0 0 0 0 0 0 0 0 0 0 0 2.5 0 0 0 0.2 0 0 0 0 0 0 0 0 0 0 0 0 0 79.8 80 79.3 80 65.3 
196992416253420 13.1 13 0 0 0 0 0 0 0 0 0 0 0 0 0 0 0 0 0 2.1 0 0 0 0.2 0 0 0 0 0 0 0 0 0 0 0 0 0 79.8 80 79.3 80 65.3 
196992416253430 13.1 13 0 0 0 0 0 0 0 0 0 0 0 0 0 0 0 0 0 1.8 0 0 0 0 0 0 0 0 0 0 0 0 0 0 0 0 0 79.8 80 79.3 80 65.3 
196992416253440 13.1 13 0 0 0 0 0 0 0 0 0 0 0 0 0 0 0 0 0 1.5 0 0 0 0.2 0 0 0 0 0 0 0 0 0 0 0 0 0 79.8 80 79.2 80 65.3 
196992416253450 13.1 13 0 0 0 0 0 0 0 0 0 0 0 0 0 0 0 0 0 1.2 0 0 0 0.2 0 0 0 0 0 0 0 0 0 0 0 0 0 79.8 80 79.2 80 65.3 
196992416253460 13.1 13 0 0 0 0 0 0 0 0 0 0 0 0 0 0 0 0 0 1 0 0 0 0.2 0 0 0 0 0 0 0 0 0 0 0 0 0 79.8 80 79.2 80 65.3 
196992416253470 13.1 13 0 0 0 0 0 0 0 0 0 0 0 0 0 0 0 0 0 0.8 0 0 0 0 0 0 0 0 0 0 0 0 0 0 0 0 0 79.8 80 79.2 80 65.3 
196992416253480 13.1 13 0 0 0 0 0 0 0 0 0 0 0 0 0 0 0 0 0 0.6 0 0 0 0 0 0 0 0 0 0 0 0 0 0 0 0 0 79.8 80 79.2 80 65.3 
196992416253490 13.1 13 0 0 0 0 0 0 0 0 0 0 0 0 0 0 0 0 0 0.4 0 0 0 0.2 0 0 0 0 0 0 0 0 0 0 0 0 0 79.8 80 79.2 80 65.3 
196992416253500 13.1 0 0 0 0 0 0 0 0 0 0 0 0 0 0 0 0 0 0 0.3 0 0 0 0 0 0 0 0 0 0 0 0 0 0 0 0 0 79.8 80 79.2 80 65.3 
196992416253510 13.1 0 0 0 0 0 0 0 0 0 0 0 0 0 0 0 0 0 0 0.2 0 0 0 0 0 0 0 0 0 0 0 0 0 0 0 0 0 79.8 80 79.2 80 65.3 
196992416253520 0.6 0 0 0 0 0 0 0 0 0 0 0 0 0 0 0 0 0 0 0.1 0 0 0 0.2 0 0 0 0 0 0 0 0 0 0 0 0 0 79.8 80 79.2 80 65.3 
196992416253530 0.6 0 0 0 0 0 0 0 0 0 0 0 0 0 0 0 0 0 0 0 0 0 0 0.2 0 0 0 0 0 0 0 0 0 0 0 0 0 79.8 80 79.2 80 65.3 
196992416253540 0.6 0 0 0 0 0 0 0 0 0 0 0 0 0 0 0 0 0 0 0 0 0 0 0 0 0 0 0 0 0 0 0 0 0 0 0 0 79.8 80 79.2 80 65.5 
196992416253550 0.6 0 0 0 0 0 0 0 0 0 0 0 0 0 0 0 0 0 0 0 0 0 0 0 0 0 0 0 0 0 0 0 0 0 0 0 0 79.8 80 79.2 80 65.5 
196992416253560 0.6 0 0 0 0 0 0 0 0 0 0 0 0 0 0 0 0 0 0 0 0 0 0 0.2 0 0 0 0 0 0 0 0 0 0 0 0 0 79.8 80 79.2 80 65.5 
196992416253570 0.4 0 0 0 0 0 0 0 0 0 0 0 0 0 0 0 0 0 0 0 0 0 0 0 0 0 0 0 0 0 0 0 0 0 0 0 0 79.8 80 79.2 80 65.5 
196992416253580 0.4 0 0 0 0 0 0 0 0 0 0 0 0 0 0 0 0 0 0 0 0 0 0 0.2 0 0 0 0 0 0 0 0 0 0 0 0 0 79.8 80 79.2 80 65.5 
196992416253590 0.4 0 0 0 0 0 0 0 0 0 0 0 0 0 0 0 0 0 0 0 0 0 0 0 0 0 0 0 0 0 0 0 0 0 0 0 0 79.8 80 79.2 80 65.5 
196992416253600 0.4 0 0 0 0 0 0 0 0 0 0 0 0 0 0 0 0 0 0 0 0 0 0 0 0 0 0 0 0 0 0 0 0 0 0 0 0 79.8 80 79.2 80 65.5 
196992416253610 0.4 0 0 0 0 0 0 0 0 0 0 0 0 0 0 0 0 0 0 0 0 0 0 0.2 0 0 0 0 0 0 0 0 0 0 0 0 0 79.8 80 79.2 80 65.5 
196992416253620 0.3 0 0 0 0 0 0 0 0 0 0 0 0 0 0 0 0 0 0 0 0 0 0 0 0 0 0 0 0 0 0 0 0 0 0 0 0 79.8 80 79.2 80 65.5 
196992416253630 0.3 0 0 0 0 0 0 0 0 0 0 0 0 0 0 0 0 0 0 0 0 0 0 0.2 0 0 0 0 0 0 0 0 0 0 0 0 0 79.8 80 79.2 80 65.5 
196992416253640 0.3 0 0 0 0 0 0 0 0 0 0 0 0 0 0 0 0 0 0 0 0 0 0 0 0 0 0 0 0 0 0 0 0 0 0 0 0 79.8 80 79.2 80 65.1 
196992416253650 0.3 0 1 0 0 0 0 0 0 0 0 0 0 0 0 0 0 0 0 0 0 0 0 0.2 0 0 0 0 0 0 0 0 0 0 0 0 0 79.8 80 79.2 80 65.1 
196992416253660 0.3 0 0 0 0 0 0 0 0 0 0 0 0 0 0 0 0 0 0 0 0 0 0 0.2 0 0 0 0 0 0 0 0 0 0 0 0 0 79.8 80 79.2 80 65.1 
196992416253670 0.2 0 0 0 0 0 0 0 0 0 0 0 0 0 0 0 0 0 0 0 0 0 0 0.2 0 0 0 0 0 0 0 0 0 0 0 0 0 79.9 80 79.2 80 65.1 
196992416253680 0.2 0 0 0 0 0 0 0 0 0 0 0 0 0 0 0 0 0 0 0 0 0 0 0 0 0 0 0 0 0 0 0 0 0 0 0 0 79.9 80 79.2 80 65.1 
196992416253690 0.2 0 0 0 0 0 0 0 0 0 0 0 0 0 0 0 0 0 0 0 0 0 0 0.2 0 0 0 0 0 0 0 0 0 0 0 0 0 79.9 80 79.2 80 65.1 
196992416253700 0.2 0 0 0 0 0 0 0 0 0 0 0 0 0 0 0 0 0 0 0 0 0 0 0.2 0 0 0 0 0 0 0 0 0 0 0 0 0 79.9 80 79.2 80 65.1 
196992416253710 0.2 0 0 0 0 0 0 0 0 0 0 0 0 0 0 0 0 0 0 0 0 0 0 0 0 0 0 0 0 0 0 0 0 0 0 0 0 79.9 80 79.2 80 65.1 
196992416253720 0.2 0 0 0 0 0 0 0 0 0 0 0 0 0 0 0 0 0 0 0 0 0 0 0 0 0 0 0 0 0 0 0 0 0 0 0 0 79.9 80 79.2 80 65.1 
196992416253730 0.2 0 0 0 0 0 0 0 0 0 0 0 0 0 0 0 0 0 0 0 0 0 0 0 0 0 0 0 0 0 0 0 0 0 0 0 0 79.9 80 79.2 80 65.1 
196992416253740 0.2 0 0 0 0 0 0 0 0 0 0 0 0 0 0 0 0 0 0 0 0 0 0 0 0 0 0 0 0 0 0 0 0 0 0 0 0 79.9 80 79.2 80 65.1 
196992416253750 0.2 0 0 0 0 0 0 0 0 0 0 0 0 0 0 0 0 0 0 0 0 0 0 0 0 0 0 0 0 0 0 0 0 0 0 0 0 79.9 80 79.2 80 65.1 
196992416253760 0.2 0 0 0 0 0 0 0 0 0 0 0 0 0 0 0 0 0 0 0 0 0 0 0 0 0 0 0 0 0 0 0 0 0 0 0 0 79.9 80 79.2 80 65.1 
196992416253770 0.2 0 0 0 0 0 0 0 0 0 0 0 0 0 0 0 0 0 0 0 0 0 0 0.2 0 0 0 0 0 0 0 0 0 0 0 0 0 79.9 80 79.2 80 65.1 
196992416253780 0.2 0 0 0 0 0 0 0 0 0 0 0 0 0 0 0 0 0 0 0 0 0 0 0 0 0 0 0 0 0 0 0 0 0 0 0 0 79.9 80 79.1 80 65.1 
196992416253790 0.2 0 0 0 0 0 0 0 0 0 0 0 0 0 0 0 0 0 0 0 0 0 0 0.2 0 0 0 0 0 0 0 0 0 0 0 0 0 79.9 80 79.1 80 65.1 
196992416253800 0.2 0 1 0 0 0 0 0 0 0 0 0 0 0 0 0 0 0 0 0 0 0 0 0.2 0 0 0 0 0 0 0 0 0 0 0 0 0 79.9 80 79.1 80 65.1 
196992416253810 0.2 0 1 0 0 0 0 0 0 0 0 0 0 0 0 0 0 0 0 0 0 0 0 0.2 0 0 0 0 0 0 0 0 0 0 0 0 0 79.9 80 79.1 80 65.1 
196992416253820 0.1 0 0 0 0 0 0 0 0 0 0 0 0 0 0 0 0 0 0 0 0 0 0 0.2 0 0 0 0 0 0 0 0 0 0 0 0 0 79.9 80 79.1 80 65.1 
196992416253830 0.1 0 0 0 0 0 0 0 0 0 0 0 0 0 0 0 0 0 0 0 0 0 0 0.2 0 0 0 0 0 0 0 0 0 0 0 0 0 79.9 80 79.1 80 65.1 
196992416253840 0.1 0 1 0 0 0 0 0 0 0 0 0 0 0 0 0 0 0 0 0 0 0 0 0.2 0 0 0 0 0 0 0 0 0 0 0 0 0 79.9 80 79.1 80 65 
196992416253850 0.1 0 0 0 0 0 0 0 0 0 0 0 0 0 0 0 0 0 0 0 0 0 0 0.2 0 0 0 0 0 0 0 0 0 0 0 0 0 79.9 80 79.1 80 65 
196992416253860 0.1 0 0 0 0 0 0 0 0 0 0 0 0 0 0 0 0 0 0 0 0 0 0 0 0 0 0 0 0 0 0 0 0 0 0 0 0 79.9 80 79.1 80 65 
196992416253870 0.1 0 0 0 0 0 0 0 0 0 0 0 0 0 0 0 0 0 0 0 0 0 0 0 0 0 0 0 0 0 0 0 0 0 0 0 0 79.9 80 79.1 80 65 
196992416253880 0.1 0 0 0 0 0 0 0 0 0 0 0 0 0 0 0 0 0 0 0 0 0 0 0.2 0 0 0 0 0 0 0 0 0 0 0 0 0 79.9 80 79.1 80 65 
196992416253890 0.1 0 1 0 0 0 0 0 0 0 0 0 0 0 0 0 0 0 0 0 0 0 0 0.2 0 0 0 0 0 0 0 0 0 0 0 0 0 79.9 80 79.1 80 65 
196992416253900 0.1 0 0 0 0 0 0 0 0 0 0 0 0 0 0 0 0 0 0 0 0 0 0 0 0 0 0 0 0 0 0 0 0 0 0 0 0 80 80 79.2 80 65 
196992416253910 0.1 0 0 0 0 0 0 0 0 0 0 0 0 0 0 0 0 0 0 0 0 0 0 0 0 0 0 0 0 0 0 0 0 0 0 0 0 80 80 79.2 80 65 
196992416253920 0.1 0 0 0 0 0 0 0 0 0 0 0 0 0 0 0 0 0 0 0 0 0 0 0 0 0 0 0 0 0 0 0 0 0 0 0 0 80 80 79.2 80 65 
196992416253930 0.1 0 0 0 0 0 0 0 0 0 0 0 0 0 0 0 0 0 0 0 0 0 0 0 0 0 0 0 0 0 0 0 0 0 0 0 0 80 80 79.2 80 65 
196992416253940 0.1 0 0 0 0 0 0 0 0 0 0 0 0 0 0 0 0 0 0 0 0 0 0 0 0 0 0 0 0 0 0 0 0 0 0 0 0 80 80 79.2 80 64.8 
196992416253950 0.1 0 0 0 0 0 0 0 0 0 0 0 0 0 0 0 0 0 0 0 0 0 0 0 0 0 0 0 0 0 0 0 0 0 0 0 0 80 80 79.2 80 64.8 
196992416253960 0.1 0 0 0 0 0 0 0 0 0 0 0 0 0 0 0 0 0 0 0 0 0 0 0.2 0 0 0 0 0 0 0 0 0 0 0 0 0 80 80 79.2 80 64.8 
196992416253970 0.1 0 0 0 0 0 0 0 0 0 0 0 0 0 0 0 0 0 0 0 0 0 0 0.2 0 0 0 0 0 0 0 0 0 0 0 0 0 80 80 79.2 80 64.8 
196992416253980 0.1 0 0 0 0 0 0 0 0 0 0 0 0 0 0 0 0 0 0 0 0 0 0 0 0 0 0 0 0 0 0 0 0 0 0 0 0 80 80 79.2 80 64.8 
196992416253990 0.1 0 0 0 0 0 0 0 0 0 0 0 0 0 0 0 0 0 0 0 0 0 0 0 0 0 0 0 0 0 0 0 0 0 0 0 0 80 80 79.2 80 64.8 
196992416254000 0.1 0 0 0 0 0 0 0 0 0 0 0 0 0 0 0 0 0 0 0 0 0 0 0 0 0 0 0 0 0 0 0 0 0 0 0 0 80 80 79.2 80 64.8 
196992416254010 0.1 0 0 0 0 0 0 0 0 0 0 0 0 0 0 0 0 0 0 0 0 0 0 0 0 0 0 0 0 0 0 0 0 0 0 0 0 80 80 79.2 80 64.8 
196992416254020 0.1 0 0 0 0 0 0 0 0 0 0 0 0 0 0 0 0 0 0 0 0 0 0 0 0 0 0 0 0 0 0 0 0 0 0 0 0 80 80 79.2 80 64.8 
196992416254030 0.1 0 0 0 0 0 0 0 0 0 0 0 0 0 0 0 0 0 0 0 0 0 0 0.2 0 0 0 0 0 0 0 0 0 0 0 0 0 80 80 79.2 80 64.8 
196992416254040 0.1 0 0 0 0 0 0 0 0 0 0 0 0 0 0 0 0 0 0 0 0 0 0 0 0 0 0 0 0 0 0 0 0 0 0 0 0 80 80 79.2 80 64.7 
196992416254050 0.1 0 0 0 0 0 0 0 0 0 0 0 0 0 0 0 0 0 0 0 0 0 0 0 0 0 0 0 0 0 0 0 0 0 0 0 0 80 80 79.2 80 64.7 
196992416254060 0.1 0 0 0 0 0 0 0 0 0 0 0 0 0 0 0 0 0 0 0 0 0 0 0 0 0 0 0 0 0 0 0 0 0 0 0 0 80 80 79.2 80 64.7 
196992416254070 0.1 0 0 0 0 0 0 0 0 0 0 0 0 0 0 0 0 0 0 0 0 0 0 0 0 0 0 0 0 0 0 0 0 0 0 0 0 80 80 79.2 80 64.7 
196992416254080 0.1 0 0 0 0 0 0 0 0 0 0 0 0 0 0 0 0 0 0 0 0 0 0 0 0 0 0 0 0 0 0 0 0 0 0 0 0 80 80 79.2 80 64.7 
196992416254090 0.1 0 0 0 0 0 0 0 0 0 0 0 0 0 0 0 0 0 0 0 0 0 0 0.2 0 0 0 0 0 0 0 0 0 0 0 0 0 80 80 79.2 80 64.7 
196992416254100 0.1 0 0 0 0 0 0 0 0 0 0 0 0 0 0 0 0 0 0 0 0 0 0 0 0 0 0 0 0 0 0 0 0 0 0 0 0 80 80 79.2 80 64.7 
196992416254110 0.1 0 0 0 0 0 0 0 0 0 0 0 0 0 0 0 0 0 0 0 0 0 0 0 0 0 0 0 0 0 0 0 0 0 0 0 0 80 80 79.2 80 64.7 
196992416254120 0.1 0 0 0 0 0 0 0 0 0 0 0 0 0 0 0 0 0 0 0 0 0 0 0.2 0 0 0 0 0 0 0 0 0 0 0 0 0 80 80 79.2 80 64.7 
196992416254130 0.1 0 0 0 0 0 0 0 0 0 0 0 0 0 0 0 0 0 0 0 0 0 0 0 0 0 0 0 0 0 0 0 0 0 0 0 0 80 80 79.3 80 64.7 
196992416254140 0.1 0 0 0 0 0 0 0 0 0 0 0 0 0 0 0 0 0 0 0 0 0 0 0 0 0 0 0 0 0 0 0 0 0 0 0 0 80 80 79.3 80 64.7 
196992416254150 0.1 0 0 0 0 0 0 0 0 0 0 0 0 0 0 0 0 0 0 0 0 0 0 0.2 0 0 0 0 0 0 0 0 0 0 0 0 0 80 80 79.3 80 64.7 
196992416254160 0.1 0 0 0 0 0 0 0 0 0 0 0 0 0 0 0 0 0 0 0 0 0 0 0.2 0 0 0 0 0 0 0 0 0 0 0 0 0 80 80 79.3 80 64.7 
196992416254170 0.1 0 0 0 0 0 0 0 0 0 0 0 0 0 0 0 0 0 0 0 0 0 0 0.2 0 0 0 0 0 0 0 0 0 0 0 0 0 80 80 79.3 80 64.7 
196992416254180 0.1 0 0 0 0 0 0 0 0 0 0 0 0 0 0 0 0 0 0 0 0 0 0 0.2 0 0 0 0 0 0 0 0 0 0 0 0 0 80 80 79.3 80 64.7 
196992416254190 0.1 0 0 0 0 0 0 0 0 0 0 0 0 0 0 0 0 0 0 0 0 0 0 0.2 0 0 0 0 0 0 0 0 0 0 0 0 0 80 80 79.3 80 64.7 
196992416254200 0.1 0 0 0 0 0 0 0 0 0 0 0 0 0 0 0 0 0 0 0 0 0 0 0 0 0 0 0 0 0 0 0 0 0 0 0 0 80 80 79.3 80 64.7 
196992416254210 0.1 0 0 0 0 0 0 0 0 0 0 0 0 0 0 0 0 0 0 0 0 0 0 0.2 0 0 0 0 0 0 0 0 0 0 0 0 0 80 80 79.3 80 64.7 
196992416254220 0.1 0 0 0 0 0 0 0 0 0 0 0 0 0 0 0 0 0 0 0 0 0 0 0.2 0 0 0 0 0 0 0 0 0 0 0 0 0 80 80 79.3 80 64.7 
196992416254230 0.1 0 0 0 0 0 0 0 0 0 0 0 0 0 0 0 0 0 0 0 0 0 0 0.2 0 0 0 0 0 0 0 0 0 0 0 0 0 80 80 79.3 80 64.7 
196992416254240 0.1 0 0 0 0 0 0 0 0 0 0 0 0 0 0 0 0 0 0 0 0 0 0 0.2 0 0 0 0 0 0 0 0 0 0 0 0 0 80.1 80 79.5 80 64.6 
196992416254250 0.1 0 0 0 0 0 0 0 0 0 0 0 0 0 0 0 0 0 0 0 0 0 0 0.2 0 0 0 0 0 0 0 0 0 0 0 0 0 80.1 80 79.5 80 64.6 
196992416254260 0.1 0 0 0 0 0 0 0 0 0 0 0 0 0 0 0 0 0 0 0 0 0 0 0.2 0 0 0 0 0 0 0 0 0 0 0 0 0 80.1 80 79.5 80 64.6 
196992416254270 0.1 0 0 0 0 0 0 0 0 0 0 0 0 0 0 0 0 0 0 0 0 0 0 0.2 0 0 0 0 0 0 0 0 0 0 0 0 0 80.1 80 79.5 80 64.6 
196992416254280 0.1 0 0 0 0 0 0 0 0 0 0 0 0 0 0 0 0 0 0 0 0 0 0 0.2 0 0 0 0 0 0 0 0 0 0 0 0 0 80.1 80 79.5 80 64.6 
196992416254290 0.1 0 0 0 0 0 0 0 0 0 0 0 0 0 0 0 0 0 0 0 0 0 0 0.2 0 0 0 0 0 0 0 0 0 0 0 0 0 80.1 80 79.5 80 64.6 
196992416254300 0.1 0 0 0 0 0 0 0 0 0 0 0 0 0 0 0 0 0 0 0 0 0 0 0.2 0 0 0 0 0 0 0 0 0 0 0 0 0 80.1 80 79.5 80 64.6 
196992416254310 0.1 0 0 0 0 0 0 0 0 0 0 0 0 0 0 0 0 0 0 0 0 0 0 0.2 0 0 0 0 0 0 0 0 0 0 0 0 0 80.1 80 79.5 80 64.6 
