date_time v002 v003 v004 v005 v012 v016 v017 v018 v019 v020 v021 v022 v029 v030 v035 v036 v037 v038 v044 v047 v048 v051 v052 v053 v061 v062 v063 v064 v070 v073 v074 v081 v082 v083 v084 v085 v086 v087 v088 v089 v090 v091 
196992416260150 100 100 1497 1500 201 47 0 200 200 50 25 906 2.4 2.5 0 0 0 0 0 184 184 229.6 230 0 8.5 8.5 0 0 0 0 0 615.9 616 770.3 770 0 0 80.4 80 80.1 80 64.1 
196992416260160 100 100 1496 1500 200 46 0 200 200 50 25 907 2.4 2.5 0 0 0 0 0 183.9 184 229.6 230 0 8.4 8.5 0 0 0 0 0 615.9 616 770.3 770 0 0 80.4 80 80.1 80 64.1 
196992416260170 99.9 100 1497 1500 199 62 1 200 200 25 25 907 2.4 4.7 0 0 0 0 0 184 184 230.1 260 0 8.5 13.3 0 0 0 0 0 615.9 616 769.8 740 0 0 80.4 80 80.1 80 64.1 
196992416260180 99.9 100 1496 1500 200 64 0 200 200 25 25 905 2.4 4.7 0 0 0 0 0 183.9 184 230.1 260 0 8.5 13.3 0 0 0 0 0 615.6 616 769.8 740 0 0 80.4 80 80.1 80 64.1 
196992416260190 99.9 100 1497 1500 200 24 0 200 200 25 25 906 2.4 4.7 0 0 0 0 0 184 184 229.6 260 0 8.4 13.3 0 0 0 0 0 615.6 616 769.8 740 0 0 80.4 80 80.1 80 64.1 
196992416260200 99.9 100 1496 1500 200 18 0 200 200 25 25 904 3.2 4.7 0 0 0 0 0 183.9 208 239.5 260 0 10 13.3 0 0 0 0 0 615.9 592 760 740 0 0 80.4 80 80.1 80 64.1 
196992416260210 99.9 100 1498 1500 200 42 0 200 200 25 25 901 3.9 4.7 0 0 0 0 0 184 208 249.7 260 0 11.6 13.3 0 0 0 0 0 615.9 592 749.7 740 0 0 80.4 80 80.1 80 64.1 
196992416260220 100 100 1498 1500 200 47 0 200 200 25 25 902 4.6 4.7 0 0 0 0 0 183.9 208 259.1 260 0 13.2 13.3 0 0 0 0 0 615.9 592 739.9 740 0 0 80.4 80 80 80 64.1 
196992416260230 100 100 1497 1500 200 41 0 200 200 25 25 902 4.6 4.7 0 0 0 0 0 191.8 208 259.5 260 0 13.3 13.3 0 0 0 0 0 608.2 592 739.5 740 0 0 80.4 80 80 80 64.1 
196992416260240 100 100 1496 1500 200 49 0 200 200 25 25 902 4.7 4.7 0 0 0 0 0 199.8 208 260 260 0 13.3 13.3 0 0 0 0 0 600.2 592 739.9 740 0 0 80.4 80 80 80 63.8 
196992416260250 100 100 1497 1500 200 41 0 200 200 25 25 900 4.6 4.7 0 0 0 0 0 207.9 208 260 260 0 13.3 13.3 0 0 0 0 0 591.9 592 739.1 740 0 0 80.4 80 80 80 63.8 
196992416260260 100 100 1496 1500 200 58 0 200 200 25 25 902 4.6 4.7 0 0 0 0 0 207.9 208 260 260 0 13.3 13.3 0 0 0 0 0 591.6 592 739.5 740 0 0 80.4 80 80 80 63.8 
196992416260270 99.9 100 1495 1500 200 34 0 200 200 25 25 897 4.6 4.7 0 0 0 0 0 207.9 208 259.5 260 0 13.2 13.3 0 0 0 0 0 591.9 592 739.5 740 0 0 80.4 80 80 80 63.8 
196992416260280 99.9 100 1499 1500 200 32 0 200 200 25 25 900 4.6 4.7 0 0 0 0 0 207.9 208 259.5 260 0 13.3 13.3 0 0 0 0 0 591.9 592 739.5 740 0 0 80.4 80 80 80 63.8 
196992416260290 99.9 100 1496 1500 200 27 0 200 200 25 25 899 4.6 4.7 0 0 0 0 0 207.9 208 259.1 260 0 13.3 13.3 0 0 0 0 0 591.9 592 739.5 740 0 0 80.4 80 80 80 63.8 
196992416260300 99.9 100 1496 1500 200 42 0 200 200 25 25 899 4.6 4.7 0 0 0 0 0 207.9 208 259.5 260 0 13.2 13.3 0 0 0 0 0 591.9 592 739.1 740 0 0 80.4 80 80 80 63.8 
196992416260310 99.9 100 1496 1500 200 35 0 200 200 25 25 900 4.6 4.7 0 0 0 0 0 207.9 208 259.1 260 0 13.2 13.3 0 0 0 0 0 592.2 592 739.5 740 0 0 80.4 80 80 80 63.8 
196992416260320 99.6 100 1497 1500 200 38 0 200 200 25 25 898 4.6 4.7 0 0 0 0 0 207.9 208 260 260 0.2 13.3 13.3 0 0 0 0 0 591.9 592 739.1 740 0 0 80.4 80 80 80 63.8 
196992416260330 99.6 100 1497 1500 200 30 0 200 200 25 25 895 4.6 4.7 0 0 0 0 0 207.9 208 259.5 260 0 13.3 13.3 0 0 0 0 0 591.9 592 739.9 740 0 0 80.4 80 80 80 63.8 
196992416260340 99.6 100 1498 1500 200 29 0 200 200 25 25 894 4.6 4.7 0 0 0 0 0 207.9 208 259.5 260 0 13.3 13.3 0 0 0 0 0 591.9 592 739.5 740 0 0 80.4 80 79.9 80 64.1 
196992416260350 99.6 100 1500 1500 200 35 1 200 200 25 25 887 4.6 4.7 0 0 0 0 0 207.9 208 259.5 260 0 13.3 13.3 0 0 0 0 0 591.9 592 739.5 740 0 0 80.4 80 79.9 80 64.1 
196992416260360 99.6 100 1496 1500 200 28 0 200 200 25 25 891 4.6 4.7 0 0 0 0 0 208 208 259.1 260 0 13.3 13.3 0 0 0 0 0 591.6 592 739.1 740 0 0 80.4 80 79.9 80 64.1 
196992416260370 99.8 100 1496 1500 200 27 0 200 200 25 25 893 4.6 4.7 0 0 0 0 0 208 208 260 260 0 13.3 13.3 0 0 0 0 0 591.9 592 739.5 740 0 0 80.4 80 79.9 80 64.1 
196992416260380 99.8 100 1497 1500 200 18 0 200 200 25 25 888 4.6 4.7 0 0 0 0 0 207.9 208 259.5 260 0 13.3 13.3 0 0 0 0 0 591.9 592 739.1 740 0 0 80.4 80 79.9 80 64.1 
196992416260390 99.8 100 1497 1500 200 28 0 200 200 25 25 890 4.6 4.7 0 0 0 0 0 207.9 208 259.5 260 0.2 13.3 13.3 0 0 0 0 0 591.9 592 739.5 740 0 0 80.4 80 79.9 80 64.1 
196992416260400 99.8 100 1498 1500 200 21 0 200 200 25 25 890 4.6 4.7 0 0 0 0 0 208 208 259.5 260 0 13.3 13.3 0 0 0 0 0 591.9 592 739.5 740 0 0 80.4 80 79.9 80 64.1 
196992416260410 99.8 100 1494 1500 200 22 0 200 200 25 25 891 4.6 4.7 0 0 0 0 0 208 208 259.1 260 0 13.3 13.3 0 0 0 0 0 591.9 592 739.5 740 0 0 80.4 80 79.9 80 64.1 
196992416260420 99.9 100 1494 1500 200 33 0 200 200 25 25 889 4.6 4.7 0 0 0 0 0 207.9 208 260 260 0 13.3 13.3 0 0 0 0 0 591.6 592 739.9 740 0 0 80.4 80 79.9 80 64.1 
196992416260430 99.9 100 1496 1500 200 26 0 200 200 25 25 886 4.7 4.7 0 0 0 0 0 207.9 208 259.5 260 0 13.3 13.3 0 0 0 0 0 591.6 592 739.9 740 0 0 80.4 80 79.9 80 64.1 
196992416260440 99.9 100 1496 1500 200 29 0 200 200 25 25 886 4.6 4.7 0 0 0 0 0 207.9 208 259.5 260 0 13.3 13.3 0 0 0 0 0 592.2 592 739.1 740 0 0 80.4 80 79.9 80 64.1 
196992416260450 99.9 100 1498 1500 200 22 0 200 200 25 25 890 4.6 4.7 0 0 0 0 0 207.9 208 259.5 260 0 13.3 13.3 0 0 0 0 0 591.9 592 739.5 740 0 0 80.4 80 79.8 80 64.1 
196992416260460 99.9 100 1497 1500 200 21 0 200 200 25 25 885 4.6 4.7 0 0 0 0 0 207.9 208 259.5 260 0 13.3 13.3 0 0 0 0 0 591.9 592 739.9 740 0 0 80.4 80 79.8 80 64.1 
196992416260470 100 100 1497 1500 200 12 0 200 200 25 25 886 4.6 4.7 0 0 0 0 0 207.9 208 259.5 260 0 13.2 13.3 0 0 0 0 0 591.9 592 739.5 740 0 0 80.4 80 79.8 80 64.1 
196992416260480 100 100 1499 1500 200 4 0 200 200 25 25 880 4.6 4.7 0 0 0 0 0 207.9 208 260 260 0 13.3 13.3 0 0 0 0 0 591.9 592 739.9 740 0 0 80.4 80 79.8 80 64.1 
196992416260490 100 100 1498 1500 200 23 0 200 200 25 25 881 4.6 4.7 0 0 0 0 0 207.9 208 259.5 260 0 13.3 13.3 0 0 0 0 0 591.9 592 739.9 740 0 0 80.4 80 79.8 80 64.1 
196992416260500 100 100 1496 1500 200 21 0 200 200 25 25 878 4.6 4.7 0 0 0 0 0 208 208 260 260 0 13.3 13.3 0 0 0 0 0 591.6 592 739.5 740 0 0 80.4 80 79.8 80 64.1 
196992416260510 100 100 1496 1500 200 20 0 200 200 25 25 878 4.6 4.7 0 0 0 0 0 207.9 208 260 260 0 13.3 13.3 0 0 0 0 0 591.9 592 739.5 740 0 0 80.4 80 79.8 80 64.1 
196992416260520 100.1 100 1496 1500 200 21 0 200 200 25 25 875 4.7 4.7 0 0 0 0 0 207.9 208 259.1 260 0 13.3 13.3 0 0 0 0 0 591.9 592 739.9 740 0 0 80.4 80 79.8 80 64.1 
196992416260530 100.1 100 1496 1500 200 25 0 200 200 25 25 877 4.6 4.7 0 0 0 0 0 207.9 208 259.5 260 0 13.3 13.3 0 0 0 0 0 592.2 592 739.5 740 0 0 80.4 80 79.8 80 64.1 
196992416260540 100.1 100 1496 1500 200 20 0 200 200 25 25 874 4.6 4.7 0 0 0 0 0 207.9 208 259.5 260 0 13.3 13.3 0 0 0 0 0 592.2 592 739.5 740 0 0 80.4 80 79.8 80 63.9 
196992416260550 100.1 100 1496 1500 200 22 0 200 200 25 25 874 4.6 4.7 0 0 0 0 0 208 208 259.5 260 0 13.3 13.3 0 0 0 0 0 591.9 592 739.5 740 0 0 80.4 80 79.8 80 63.9 
196992416260560 100.1 100 1499 1500 200 25 0 200 200 25 25 872 4.6 4.7 0 0 0 0 0 207.9 208 259.5 260 0 13.3 13.3 0 0 0 0 0 591.9 592 739.9 740 0 0 80.4 80 79.8 80 63.9 
196992416260570 100.1 100 1498 1500 200 16 0 200 200 25 25 873 4.6 4.7 0 0 0 0 0 207.9 208 259.5 260 0 13.3 13.3 0 0 0 0 0 591.9 592 739.5 740 0 0 80.4 80 79.7 80 63.9 
196992416260580 100.1 100 1497 1500 200 22 0 200 200 25 25 876 4.6 4.7 0 0 0 0 0 207.9 208 259.5 260 0 13.3 13.3 0 0 0 0 0 591.9 592 739.9 740 0 0 80.4 80 79.7 80 63.9 
196992416260590 100.1 100 1497 1500 200 20 0 200 200 25 25 874 4.6 4.7 0 0 0 0 0 208 208 260 260 0 13.3 13.3 0 0 0 0 0 591.9 592 739.5 740 0 0 80.4 80 79.7 80 63.9 
196992416260600 100.1 100 1498 1500 200 22 0 200 200 25 25 875 4.6 4.7 0 0 0 0 0 207.9 208 259.5 260 0 13.3 13.3 0 0 0 0 0 591.9 592 739.5 740 0 0 80.4 80 79.7 80 63.9 
196992416260610 100.1 100 1495 1500 200 29 0 200 200 25 25 873 4.6 4.7 0 0 0 0 0 207.9 208 259.1 260 0 13.3 13.3 0 0 0 0 0 591.9 592 739.9 740 0 0 80.4 80 79.7 80 63.9 
196992416260620 100.1 100 1496 1500 200 24 0 200 200 25 25 871 4.6 4.7 0 0 0 0 0 207.9 208 259.1 260 0 13.3 13.3 0 0 0 0 0 591.6 592 739.9 740 0 0 80.4 80 79.7 80 63.9 
196992416260630 100.1 100 1497 1500 200 21 0 200 200 25 25 869 4.6 4.7 0 0 0 0 0 207.9 208 259.5 260 0 13.3 13.3 0 0 0 0 0 591.9 592 739.1 740 0 0 80.4 80 79.7 80 63.9 
196992416260640 100.1 100 1498 1500 200 17 0 200 200 25 25 866 4.6 4.7 0 0 0 0 0 207.9 208 259.5 260 0 13.3 13.3 0 0 0 0 0 592.2 592 739.5 740 0 0 80.4 80 79.7 80 64 
196992416260650 100.1 100 1495 1500 200 20 0 200 200 25 25 868 4.6 4.7 0 0 0 0 0 207.9 208 259.5 260 0 13.3 13.3 0 0 0 0 0 591.9 592 739.9 740 0 0 80.4 80 79.7 80 64 
196992416260660 100.1 100 1498 1500 200 21 0 200 200 25 25 870 4.6 4.7 0 0 0 0 0 207.9 208 259.5 260 0 13.3 13.3 0 0 0 0 0 591.6 592 739.5 740 0 0 80.4 80 79.7 80 64 
196992416260670 100.1 100 1497 1500 200 22 0 200 200 25 25 865 4.6 4.7 0 0 0 0 0 207.9 208 259.5 260 0 13.3 13.3 0 0 0 0 0 591.9 592 739.5 740 0 0 80.4 80 79.7 80 64 
196992416260680 100.1 100 1495 1500 200 18 0 200 200 25 25 868 4.6 4.7 0 0 0 0 0 207.9 208 259.1 260 0 13.3 13.3 0 0 0 0 0 592.2 592 739.5 740 0 0 80.4 80 79.6 80 64 
196992416260690 100.1 100 1497 1500 200 12 0 200 200 25 25 866 4.6 4.7 0 0 0 0 0 207.9 208 259.1 260 0 13.2 13.3 0 0 0 0 0 591.9 592 739.5 740 0 0 80.4 80 79.6 80 64 
196992416260700 100.1 100 1497 1500 200 25 0 200 200 25 25 866 4.6 4.7 0 0 0 0 0 207.9 208 259.5 260 0 13.3 13.3 0 0 0 0 0 591.9 592 739.1 740 0 0 80.4 80 79.6 80 64 
196992416260710 100.1 100 1495 1500 200 21 0 200 200 25 25 865 4.6 4.7 0 0 0 0 0 207.9 208 259.5 260 0 13.3 13.3 0 0 0 0 0 591.9 592 739.9 740 0 0 80.4 80 79.6 80 64 
196992416260720 100.2 100 1498 1500 200 18 0 200 200 25 25 866 4.6 4.7 0 0 0 0 0 207.9 208 259.5 260 0.2 13.3 13.3 0 0 0 0 0 591.6 592 739.5 740 0 0 80.4 80 79.6 80 64 
196992416260730 100.2 100 1497 1500 200 19 0 200 200 25 25 866 4.6 4.7 0 0 0 0 0 207.9 208 259.5 260 0 13.2 13.3 0 0 0 0 0 591.9 592 739.1 740 0 0 80.4 80 79.6 80 64 
196992416260740 100.2 100 1496 1500 200 22 0 200 200 25 25 863 4.7 4.7 0 0 0 0 0 207.9 208 259.5 260 0 13.3 13.3 0 0 0 0 0 591.9 592 739.5 740 0 0 80.4 80 79.6 80 64.1 
196992416260750 100.2 100 1496 1500 200 22 0 200 200 25 25 864 4.6 4.7 0 0 0 0 0 207.9 208 259.1 260 0 13.3 13.3 0 0 0 0 0 591.9 592 739.1 740 0 0 80.4 80 79.6 80 64.1 
196992416260760 100.2 100 1496 1500 200 17 0 200 200 25 25 864 4.6 4.7 0 0 0 0 0 207.9 208 259.5 260 0 13.3 13.3 0 0 0 0 0 591.6 592 739.1 740 0 0 80.4 80 79.6 80 64.1 
196992416260770 100.3 100 1495 1500 200 17 0 200 200 25 25 861 4.6 4.7 0 0 0 0 0 207.9 208 259.5 260 0 13.3 13.3 0 0 0 0 0 591.9 592 739.5 740 0 0 80.4 80 79.6 80 64.1 
196992416260780 100.3 100 1500 1500 200 17 0 200 200 25 25 861 4.6 4.7 0 0 0 0 0 207.9 208 259.5 260 0 13.3 13.3 0 0 0 0 0 592.2 592 739.9 740 0 0 80.4 80 79.6 80 64.1 
196992416260790 100.3 100 1496 1500 200 17 0 200 200 25 25 861 4.6 4.7 0 0 0 0 0 207.9 208 259.1 260 0 13.3 13.3 0 0 0 0 0 592.2 592 739.5 740 0 0 80.4 80 79.6 80 64.1 
196992416260800 100.3 100 1495 1500 200 11 0 200 200 25 25 860 4.6 4.7 0 0 0 0 0 207.9 208 259.5 260 0 13.2 13.3 0 0 0 0 0 591.9 592 739.5 740 0 0 80.4 80 79.5 80 64.1 
196992416260810 100.3 100 1496 1500 200 6 0 200 200 25 25 862 4.6 4.7 0 0 0 0 0 207.9 208 260 260 0 13.2 13.3 0 0 0 0 0 591.9 592 739.5 740 0 0 80.4 80 79.5 80 64.1 
196992416260820 100 100 1496 1500 200 26 0 200 200 25 25 859 4.6 4.7 0 0 0 0 0 207.9 208 259.1 260 0 13.3 13.3 0 0 0 0 0 591.9 592 739.1 740 0 0 80.4 80 79.5 80 64.1 
196992416260830 100 100 1494 1500 200 26 0 200 200 25 25 866 4.6 4.7 0 0 0 0 0 207.9 208 259.5 260 0 13.3 13.3 0 0 0 0 0 591.9 592 739.1 740 0 0 80.4 80 79.5 80 64.1 
196992416260840 100 100 1498 1500 200 17 0 200 200 25 25 862 4.7 4.7 0 0 0 0 0 207.9 208 259.5 260 0 13.3 13.3 0 0 0 0 0 591.9 592 739.5 740 0 0 80.4 80 79.5 80 63.8 
196992416260850 100 100 1497 1500 200 19 0 200 200 25 25 859 4.6 4.7 0 0 0 0 0 207.9 208 259.5 260 0.2 13.2 13.3 0 0 0 0 0 591.9 592 739.5 740 0 0 80.4 80 79.5 80 63.8 
196992416260860 100 100 1497 1500 200 19 0 200 200 25 25 863 4.6 4.7 0 0 0 0 0 207.9 208 259.5 260 0 13.3 13.3 0 0 0 0 0 591.9 592 739.5 740 0 0 80.4 80 79.5 80 63.8 
196992416260870 99.8 100 1497 1500 200 21 0 200 200 25 25 865 4.6 4.7 0 0 0 0 0 207.9 208 259.5 260 0 13.3 13.3 0 0 0 0 0 592.2 592 739.5 740 0 0 80.4 80 79.5 80 63.8 
196992416260880 99.8 100 1498 1500 200 20 0 200 200 25 25 866 4.7 4.7 0 0 0 0 0 207.9 208 259.5 260 0 13.3 13.3 0 0 0 0 0 591.9 592 739.5 740 0 0 80.4 80 79.5 80 63.8 
196992416260890 99.8 100 1497 1500 200 22 0 200 200 25 25 860 4.6 4.7 0 0 0 0 0 207.9 208 259.5 260 0 13.3 13.3 0 0 0 0 0 591.6 592 739.9 740 0 0 80.4 80 79.5 80 63.8 
196992416260900 99.8 100 1498 1500 200 16 0 200 200 25 25 857 4.6 4.7 0 0 0 0 0 207.9 208 259.5 260 0 13.3 13.3 0 0 0 0 0 591.9 592 739.9 740 0 0 80.4 80 79.5 80 63.8 
196992416260910 99.8 100 1496 1500 200 17 0 200 200 25 25 865 4.7 4.7 0 0 0 0 0 207.9 208 260 260 0 13.3 13.3 0 0 0 0 0 591.9 592 739.5 740 0 0 80.4 80 79.4 80 63.8 
196992416260920 99.9 100 1494 1500 200 20 0 200 200 25 25 857 4.7 4.7 0 0 0 0 0 207.9 208 259.5 260 0 13.3 13.3 0 0 0 0 0 592.2 592 739.5 740 0 0 80.4 80 79.4 80 63.8 
196992416260930 99.9 100 1497 1500 200 10 0 200 200 25 25 860 4.6 4.7 0 0 0 0 0 207.9 208 259.1 260 0 13.3 13.3 0 0 0 0 0 591.9 592 739.5 740 0 0 80.4 80 79.4 80 63.8 
196992416260940 99.9 100 1498 1500 200 13 0 200 200 25 25 858 4.6 4.7 0 0 0 0 0 207.9 208 260 260 0.2 13.3 13.3 0 0 0 0 0 591.9 592 739.1 740 0 0 80.4 80 79.4 80 64.1 
196992416260950 99.9 100 1498 1500 200 20 0 200 200 25 25 858 4.7 4.7 0 0 0 0 0 207.9 208 259.5 260 0.2 13.3 13.3 0 0 0 0 0 591.9 592 739.5 740 0 0 80.4 80 79.4 80 64.1 
196992416260960 99.9 100 1496 1500 200 18 0 200 200 25 25 859 4.6 4.7 0 0 0 0 0 207.9 208 259.5 260 0 13.3 13.3 0 0 0 0 0 591.9 592 739.5 740 0 0 80.4 80 79.4 80 64.1 
196992416260970 99.9 100 1497 1500 200 15 0 200 200 25 25 856 4.6 4.7 0 0 0 0 0 207.9 208 259.1 260 0 13.3 13.3 0 0 0 0 0 591.6 592 739.1 740 0 0 80.4 80 79.4 80 64.1 
196992416260980 99.9 100 1499 1500 200 19 0 200 200 25 25 856 4.6 4.7 0 0 0 0 0 208 208 260 260 0.2 13.3 13.3 0 0 0 0 0 591.9 592 739.5 740 0 0 80.4 80 79.4 80 64.1 
196992416260990 99.9 100 1500 1500 200 18 0 200 200 25 25 854 4.6 4.7 0 0 0 0 0 207.9 208 259.5 260 0 13.2 13.3 0 0 0 0 0 591.9 592 739.1 740 0 0 80.4 80 79.4 80 64.1 
196992416261000 99.9 100 1494 1500 200 10 0 200 200 25 25 858 4.6 4.7 0 0 0 0 0 207.9 208 260 260 0.2 13.3 13.3 0 0 0 0 0 591.9 592 739.1 740 0 0 80.4 80 79.4 80 64.1 
196992416261010 99.9 100 1496 1500 200 16 0 200 200 25 25 856 4.7 4.7 0 0 0 0 0 207.9 208 259.1 260 0.2 13.3 13.3 0 0 0 0 0 591.6 592 739.5 740 0 0 80.4 80 79.4 80 64.1 
196992416261020 99.9 100 1496 1500 200 23 0 200 200 25 25 855 4.6 4.7 0 0 0 0 0 207.9 208 259.5 260 0 13.2 13.3 0 0 0 0 0 591.9 592 739.1 740 0 0 80.4 80 79.4 80 64.1 
196992416261030 99.9 100 1499 1500 200 18 0 200 200 25 25 853 4.7 4.7 0 0 0 0 0 207.9 208 259.5 260 0 13.3 13.3 0 0 0 0 0 591.9 592 739.5 740 0 0 80.4 80 79.3 80 64.1 
196992416261040 99.9 100 1498 1500 200 20 0 200 200 25 25 855 4.7 4.7 0 0 0 0 0 207.9 208 259.5 260 0 13.3 13.3 0 0 0 0 0 591.9 592 739.5 740 0 0 80.4 80 79.3 80 63.8 
196992416261050 99.9 100 1495 1500 200 25 0 200 200 25 25 851 4.6 4.7 0 0 0 0 0 207.9 208 259.5 260 0 13.3 13.3 0 0 0 0 0 591.9 592 739.5 740 0 0 80.4 80 79.3 80 63.8 
196992416261060 99.9 100 1494 1500 200 35 0 200 200 25 25 854 4.6 4.7 0 0 0 0 0 207.9 208 259.1 260 0 13.3 13.3 0 0 0 0 0 591.9 592 739.1 740 0 0 80.4 80 79.3 80 63.8 
196992416261070 99.9 100 1496 1500 200 31 0 200 200 25 25 853 4.6 4.7 0 0 0 0 0 208 208 259.5 260 0 13.3 13.3 0 0 0 0 0 591.9 592 739.9 740 0 0 80.4 80 79.3 80 63.8 
196992416261080 99.9 100 1496 1500 200 15 0 200 200 25 25 851 4.6 4.7 0 0 0 0 0 207.9 208 260 260 0.2 13.2 13.3 0 0 0 0 0 591.9 592 739.1 740 0 0 80.4 80 79.3 80 63.8 
196992416261090 99.9 100 1496 1500 200 16 0 200 200 25 25 853 4.6 4.7 0 0 0 0 0 207.9 208 259.5 260 0 13.3 13.3 0 0 0 0 0 591.9 592 739.5 740 0 0 80.4 80 79.3 80 63.8 
196992416261100 99.9 100 1495 1500 200 13 0 200 200 25 25 853 4.7 4.7 0 0 0 0 0 207.9 208 259.5 260 0 13.3 13.3 0 0 0 0 0 591.9 592 739.1 740 0 0 80.4 80 79.3 80 63.8 
196992416261110 99.9 100 1496 1500 200 27 0 200 200 25 25 852 4.6 4.7 0 0 0 0 0 207.9 208 259.5 260 0 13.3 13.3 0 0 0 0 0 591.9 592 739.5 740 0 0 80.4 80 79.3 80 63.8 
196992416261120 99.9 100 1498 1500 200 39 0 200 200 25 25 849 4.7 4.7 0 0 0 0 0 207.9 208 259.1 260 0.2 13.3 13.3 0 0 0 0 0 591.9 592 739.5 740 0 0 80.4 80 79.3 80 63.8 
196992416261130 99.9 100 1499 1500 200 21 0 200 200 25 25 849 4.6 4.7 0 0 0 0 0 207.9 208 259.5 260 0 13.2 13.3 0 0 0 0 0 591.9 592 739.5 740 0 0 80.4 80 79.3 80 63.8 
196992416261140 99.9 100 1497 1500 200 18 0 200 200 25 25 845 4.6 4.7 0 0 0 0 0 207.9 208 260 260 0.2 13.3 13.3 0 0 0 0 0 591.9 592 739.5 740 0 0 80.4 80 79.2 80 63.9 
196992416261150 99.9 100 1496 1500 200 19 0 200 200 25 25 847 4.6 4.7 0 0 0 0 0 207.9 208 259.5 260 0.2 13.3 13.3 0 0 0 0 0 591.9 592 739.1 740 0 0 80.4 80 79.2 80 63.9 
196992416261160 99.9 100 1498 1500 200 27 0 200 200 25 25 846 4.6 4.7 0 0 0 0 0 207.9 208 259.5 260 0 13.3 13.3 0 0 0 0 0 592.2 592 739.5 740 0 0 80.4 80 79.2 80 63.9 
196992416261170 99.9 100 1495 1500 200 20 0 200 200 25 25 846 4.6 4.7 0 0 0 0 0 207.9 208 259.5 260 0 13.3 13.3 0 0 0 0 0 591.6 592 739.5 740 0 0 80.4 80 79.2 80 63.9 
196992416261180 99.9 100 1497 1500 200 37 0 200 200 25 25 849 4.6 4.7 0 0 0 0 0 207.9 208 259.1 260 0 13.3 13.3 0 0 0 0 0 591.9 592 739.1 740 0 0 80.4 80 79.2 80 63.9 
196992416261190 99.9 100 1498 1500 200 22 0 200 200 25 25 845 4.6 4.7 0 0 0 0 0 207.9 208 260 260 0 13.3 13.3 0 0 0 0 0 591.9 592 739.5 740 0 0 80.4 80 79.2 80 63.9 
196992416261200 99.9 100 1495 1500 200 53 0 200 200 25 25 845 4.6 4.7 0 0 0 0 0 208 208 259.5 260 0 13.3 13.3 0 0 0 0 0 591.9 592 739.5 740 0 0 80.4 80 79.2 80 63.9 
196992416261210 99.9 100 1495 1500 200 21 0 200 200 25 25 850 4.6 4.7 0 0 0 0 0 207.9 208 260 260 0 13.3 13.3 0 0 0 0 0 591.9 592 739.5 740 0 0 80.4 80 79.2 80 63.9 
196992416261220 100.1 100 1496 1500 200 21 0 200 200 25 25 848 4.6 4.7 0 0 0 0 0 207.9 208 259.5 260 0.2 13.3 13.3 0 0 0 0 0 591.9 592 739.5 740 0 0 80.4 80 79.2 80 63.9 
196992416261230 100.1 100 1495 1500 200 16 0 200 200 25 25 845 4.6 4.7 0 0 0 0 0 207.9 208 259.1 260 0 13.2 13.3 0 0 0 0 0 591.9 592 739.9 740 0 0 80.4 80 79.2 80 63.9 
196992416261240 100.1 100 1499 1500 200 20 0 200 200 25 25 849 4.6 4.7 0 0 0 0 0 207.9 208 259.5 260 0.2 13.3 13.3 0 0 0 0 0 592.2 592 739.5 740 0 0 80.4 80 79.2 80 64.2 
196992416261250 100.1 100 1495 1500 200 30 0 200 200 25 25 847 4.6 4.7 0 0 0 0 0 207.9 208 259.5 260 0 13.3 13.3 0 0 0 0 0 591.9 592 739.5 740 0 0 80.4 80 79.2 80 64.2 
196992416261260 100.1 100 1495 1500 200 36 0 200 200 25 25 846 4.6 4.7 0 0 0 0 0 208 208 259.1 260 0 13.3 13.3 0 0 0 0 0 591.6 592 739.5 740 0 0 80.4 80 79.2 80 64.2 
196992416261270 99.9 100 1496 1500 200 24 0 200 200 25 25 847 4.7 4.7 0 0 0 0 0 207.9 208 260 260 0 13.2 13.3 0 0 0 0 0 591.6 592 739.1 740 0 0 80.4 80 79.2 80 64.2 
196992416261280 99.9 100 1495 1500 200 17 0 200 200 25 25 850 4.6 4.7 0 0 0 0 0 207.9 208 259.5 260 0 13.3 13.3 0 0 0 0 0 591.9 592 739.5 740 0 0 80.4 80 79.2 80 64.2 
196992416261290 99.9 100 1496 1500 200 18 0 200 200 25 25 847 4.6 4.7 0 0 0 0 0 207.9 208 259.5 260 0 13.3 13.3 0 0 0 0 0 591.9 592 739.5 740 0 0 80.4 80 79.2 80 64.2 
196992416261300 99.9 100 1496 1500 200 28 0 200 200 25 25 846 4.6 4.7 0 0 0 0 0 207.9 208 259.5 260 0 13.3 13.3 0 0 0 0 0 591.6 592 739.5 740 0 0 80.4 80 79.2 80 64.2 
196992416261310 99.9 100 1496 1500 200 23 0 200 200 25 25 843 4.6 4.7 0 0 0 0 0 207.9 208 260 260 0.2 13.3 13.3 0 0 0 0 0 592.2 592 739.5 740 0 0 80.4 80 79.2 80 64.2 
196992416261320 100 100 1495 1500 200 23 0 200 200 25 25 841 4.7 4.7 0 0 0 0 0 207.9 208 259.5 260 0.2 13.3 13.3 0 0 0 0 0 591.9 592 739.5 740 0 0 80.4 80 79.2 80 64.2 
196992416261330 100 100 1495 1500 200 27 0 200 200 25 25 844 4.6 4.7 0 0 0 0 0 207.9 208 259.1 260 0.2 13.3 13.3 0 0 0 0 0 591.9 592 739.1 740 0 0 80.4 80 79.2 80 64.2 
196992416261340 100 100 1496 1500 200 16 0 200 200 25 25 846 4.6 4.7 0 0 0 0 0 207.9 208 259.5 260 0.2 13.3 13.3 0 0 0 0 0 591.9 592 739.9 740 0 0 80.4 80 79.2 80 63.9 
196992416261350 100 100 1496 1500 200 27 0 200 200 25 25 844 4.6 4.7 0 0 0 0 0 207.9 208 260 260 0 13.3 13.3 0 0 0 0 0 591.9 592 739.5 740 0 0 80.4 80 79.2 80 63.9 
196992416261360 100 100 1496 1500 200 20 0 200 200 25 25 845 4.7 4.7 0 0 0 0 0 207.9 208 259.1 260 0 13.3 13.3 0 0 0 0 0 591.9 592 739.5 740 0 0 80.4 80 79.2 80 63.9 
196992416261370 100 100 1498 1500 200 19 0 200 200 25 25 843 4.6 4.7 0 0 0 0 0 207.9 208 259.5 260 0 13.3 13.3 0 0 0 0 0 591.9 592 739.9 740 0 0 80.3 80 79.1 80 63.9 
196992416261380 100 100 1496 1500 200 19 0 200 200 25 25 845 4.6 4.7 0 0 0 0 0 207.9 208 259.5 260 0 13.3 13.3 0 0 0 0 0 591.9 592 739.9 740 0 0 80.3 80 79.1 80 63.9 
196992416261390 100 100 1496 1500 200 16 1 200 200 25 25 840 4.6 4.7 0 0 0 0 0 207.9 208 260 260 0 13.2 13.3 0 0 0 0 0 591.9 592 739.1 740 0 0 80.3 80 79.1 80 63.9 
196992416261400 100 100 1496 1500 200 21 0 200 200 25 25 843 4.6 4.7 0 0 0 0 0 207.9 208 259.5 260 0 13.3 13.3 0 0 0 0 0 591.9 592 739.5 740 0 0 80.3 80 79.1 80 63.9 
196992416261410 100 100 1498 1500 200 16 0 200 200 25 25 848 4.6 4.7 0 0 0 0 0 207.9 208 259.1 260 0 13.3 13.3 0 0 0 0 0 591.9 592 739.5 740 0 0 80.3 80 79.1 80 63.9 
196992416261420 100 100 1495 1500 200 26 0 200 200 25 25 842 4.6 4.7 0 0 0 0 0 208 208 259.5 260 0 13.3 13.3 0 0 0 0 0 591.9 592 739.9 740 0 0 80.3 80 79.1 80 63.9 
196992416261430 100 100 1498 1500 200 16 0 200 200 25 25 843 4.6 4.7 0 0 0 0 0 207.9 208 259.5 260 0 13.3 13.3 0 0 0 0 0 591.9 592 739.5 740 0 0 80.3 80 79.1 80 63.9 
196992416261440 100 100 1497 1500 200 32 0 200 200 25 25 839 4.6 4.7 0 0 0 0 0 207.9 208 260 260 0 13.3 13.3 0 0 0 0 0 591.9 592 739.5 740 0 0 80.3 80 79.1 80 63.8 
196992416261450 100 100 1498 1500 200 22 0 200 200 25 25 838 4.6 4.7 0 0 0 0 0 207.9 208 259.5 260 0 13.2 13.3 0 0 0 0 0 591.9 592 739.5 740 0 0 80.3 80 79.1 80 63.8 
196992416261460 100 100 1496 1500 200 10 0 200 200 25 25 843 4.7 4.7 0 0 0 0 0 207.9 208 259.5 260 0 13.3 13.3 0 0 0 0 0 591.9 592 739.5 740 0 0 80.3 80 79.1 80 63.8 
196992416261470 99.9 100 1499 1500 200 22 0 200 200 25 25 846 4.6 4.7 0 0 0 0 0 208 208 259.5 260 0 13.2 13.3 0 0 0 0 0 591.9 592 739.5 740 0 0 80.3 80 79.1 80 63.8 
196992416261480 99.9 100 1497 1500 200 29 0 200 200 25 25 837 4.7 4.7 0 0 0 0 0 207.9 208 259.5 260 0.2 13.3 13.3 0 0 0 0 0 591.9 592 739.9 740 0 0 80.3 80 79.1 80 63.8 
196992416261490 99.9 100 1496 1500 200 23 0 200 200 25 25 838 4.6 4.7 0 0 0 0 0 208 208 259.5 260 0.2 13.3 13.3 0 0 0 0 0 591.9 592 739.9 740 0 0 80.3 80 79.1 80 63.8 
196992416261500 99.9 100 1496 1500 200 25 0 200 200 25 25 839 4.6 4.7 0 0 0 0 0 207.9 208 259.5 260 0.2 13.3 13.3 0 0 0 0 0 591.9 592 739.5 740 0 0 80.3 80 79.1 80 63.8 
196992416261510 99.9 100 1499 1500 200 16 0 200 200 25 25 841 4.6 4.7 0 0 0 0 0 207.9 208 259.5 260 0 13.3 13.3 0 0 0 0 0 591.9 592 739.9 740 0 0 80.3 80 79.1 80 63.8 
196992416261520 100.1 100 1497 1500 200 20 0 200 200 25 25 840 4.6 4.7 0 0 0 0 0 207.9 208 259.5 260 0.2 13.3 13.3 0 0 0 0 0 592.2 592 739.5 740 0 0 80.3 80 79.1 80 63.8 
196992416261530 100.1 100 1498 1500 202 17 0 200 200 25 25 840 4.6 4.7 0 0 0 0 0 207.9 208 259.1 260 0.2 13.3 13.3 0 0 0 0 0 591.9 592 739.5 740 0 0 80.3 80 79.1 80 63.8 
196992416261540 100.1 100 1497 1500 200 19 0 200 200 25 25 836 4.6 4.7 0 0 0 0 0 207.9 208 259.5 260 0.2 13.3 13.3 0 0 0 0 0 591.9 592 739.5 740 0 0 80.3 80 79.1 80 64.1 
196992416261550 100.1 100 1495 1500 200 17 0 200 200 25 25 841 4.6 4.7 0 0 0 0 0 207.9 208 259.5 260 0 13.3 13.3 0 0 0 0 0 591.9 592 739.5 740 0 0 80.3 80 79.1 80 64.1 
196992416261560 100.1 100 1497 1500 200 19 0 200 200 25 25 838 4.6 4.7 0 0 0 0 0 207.9 208 260 260 0 13.2 13.3 0 0 0 0 0 591.9 592 739.5 740 0 0 80.3 80 79.1 80 64.1 
196992416261570 100 100 1494 1500 200 21 0 200 200 25 25 836 4.6 4.7 0 0 0 0 0 207.9 208 259.5 260 0 13.3 13.3 0 0 0 0 0 591.9 592 739.5 740 0 0 80.3 80 79.1 80 64.1 
196992416261580 100 100 1495 1500 199 19 0 200 200 25 25 838 4.6 4.7 0 0 0 0 0 207.9 208 260 260 0.2 13.3 13.3 0 0 0 0 0 591.9 592 739.5 740 0 0 80.3 80 79.1 80 64.1 
196992416261590 100 100 1495 1500 200 18 0 200 200 25 25 837 4.6 4.7 0 0 0 0 0 207.9 208 260 260 0 13.3 13.3 0 0 0 0 0 591.9 592 739.5 740 0 0 80.3 80 79.1 80 64.1 
196992416261600 100 100 1497 1500 200 26 0 200 200 25 25 840 4.6 4.7 0 0 0 0 0 207.9 208 259.1 260 0.2 13.2 13.3 0 0 0 0 0 592.2 592 739.9 740 0 0 80.3 80 79.1 80 64.1 
196992416261610 100 100 1498 1500 200 25 0 200 200 25 25 836 4.6 4.7 0 0 0 0 0 207.9 208 259.1 260 0.2 13.3 13.3 0 0 0 0 0 591.9 592 739.1 740 0 0 80.3 80 79.1 80 64.1 
196992416261620 100 100 1497 1500 200 35 0 200 200 25 25 835 4.6 4.7 0 0 0 0 0 207.9 208 259.5 260 0 13.3 13.3 0 0 0 0 0 591.9 592 739.5 740 0 0 80.3 80 79.1 80 64.1 
196992416261630 100 100 1494 1500 200 21 0 200 200 25 25 833 4.6 4.7 0 0 0 0 0 207.9 208 259.5 260 0.2 13.3 13.3 0 0 0 0 0 591.9 592 739.5 740 0 0 80.3 80 79.1 80 64.1 
196992416261640 100 100 1496 1500 200 17 0 200 200 25 25 837 4.6 4.7 0 0 0 0 0 207.9 208 260 260 0 13.2 13.3 0 0 0 0 0 591.9 592 739.5 740 0 0 80.3 80 79.1 80 63.8 
196992416261650 100 100 1497 1500 200 16 0 200 200 25 25 835 4.6 4.7 0 0 0 0 0 207.9 208 260 260 0 13.2 13.3 0 0 0 0 0 592.2 592 739.5 740 0 0 80.3 80 79.1 80 63.8 
196992416261660 100 100 1496 1500 200 3 0 200 200 25 25 839 4.6 4.7 0 0 0 0 0 207.9 208 259.5 260 0 13.3 13.3 0 0 0 0 0 591.6 592 739.5 740 0 0 80.3 80 79.1 80 63.8 
196992416261670 100 100 1494 1500 200 19 0 200 200 25 25 836 4.6 4.7 0 0 0 0 0 207.9 208 260 260 0 13.3 13.3 0 0 0 0 0 592.2 592 739.5 740 0 0 80.3 80 79.1 80 63.8 
196992416261680 100 100 1495 1500 200 23 0 200 200 25 25 838 4.6 4.7 0 0 0 0 0 207.9 208 260 260 0 13.3 13.3 0 0 0 0 0 591.9 592 739.1 740 0 0 80.3 80 79.1 80 63.8 
196992416261690 100 100 1496 1500 200 20 0 200 200 25 25 837 4.6 4.7 0 0 0 0 0 207.9 208 259.1 260 0.2 13.3 13.3 0 0 0 0 0 591.9 592 739.1 740 0 0 80.3 80 79.1 80 63.8 
196992416261700 100 100 1497 1500 200 22 0 200 200 25 25 834 4.7 4.7 0 0 0 0 0 207.9 208 259.5 260 0 13.3 13.3 0 0 0 0 0 591.9 592 739.5 740 0 0 80.3 80 79.1 80 63.8 
196992416261710 100 100 1494 1500 200 13 0 200 200 25 25 837 4.6 4.7 0 0 0 0 0 207.9 208 259.5 260 0 13.3 13.3 0 0 0 0 0 591.9 592 739.9 740 0 0 80.3 80 79.1 80 63.8 
196992416261720 100 100 1495 1500 200 6 0 200 200 25 25 834 4.6 4.7 0 0 0 0 0 207.9 208 259.5 260 0.2 13.3 13.3 0 0 0 0 0 591.9 592 739.5 740 0 0 80.3 80 79.1 80 63.8 
196992416261730 100 100 1495 1500 200 4 0 200 200 25 25 837 4.6 4.7 0 0 0 0 0 207.9 208 259.5 260 0 13.3 13.3 0 0 0 0 0 591.9 592 739.5 740 0 0 80.3 80 79.1 80 63.8 
196992416261740 100 100 1495 1500 201 4 0 200 200 25 25 833 4.6 4.7 0 0 0 0 0 207.9 208 259.1 260 0 13.3 13.3 0 0 0 0 0 591.9 592 739.5 740 0 0 80.3 80 79.1 80 63.8 
196992416261750 100 100 1495 1500 200 17 0 200 200 25 25 833 4.6 4.7 0 0 0 0 0 207.9 208 259.5 260 0 13.3 13.3 0 0 0 0 0 591.9 592 739.5 740 0 0 80.3 80 79.1 80 63.8 
196992416261760 100 100 1498 1500 200 21 0 200 200 25 25 833 4.6 4.7 0 0 0 0 0 207.9 208 260 260 0.2 13.3 13.3 0 0 0 0 0 592.2 592 739.1 740 0 0 80.3 80 79.1 80 63.8 
196992416261770 99.9 100 1498 1500 200 29 0 200 200 25 25 834 4.6 4.7 0 0 0 0 0 208 208 259.1 260 0.2 13.3 13.3 0 0 0 0 0 591.9 592 739.9 740 0 0 80.3 80 79.1 80 63.8 
196992416261780 99.9 100 1499 1500 200 3 0 200 200 25 25 836 4.7 4.7 0 0 0 0 0 207.9 208 259.1 260 0 13.3 13.3 0 0 0 0 0 591.9 592 739.1 740 0 0 80.3 80 79.1 80 63.8 
196992416261790 99.9 100 1498 1500 200 13 0 200 200 25 25 837 4.7 4.7 0 0 0 0 0 207.9 208 259.1 260 0.2 13.3 13.3 0 0 0 0 0 591.6 592 739.5 740 0 0 80.3 80 79.1 80 63.8 
196992416261800 99.9 100 1496 1500 200 20 0 200 200 25 25 832 4.7 4.7 0 0 0 0 0 207.9 208 259.5 260 0.2 13.2 13.3 0 0 0 0 0 592.2 592 739.5 740 0 0 80.3 80 79.1 80 63.8 
196992416261810 99.9 100 1500 1500 200 25 0 200 200 25 25 833 4.6 4.7 0 0 0 0 0 207.9 208 259.1 260 0 13.3 13.3 0 0 0 0 0 591.9 592 739.9 740 0 0 80.3 80 79.1 80 63.8 
196992416261820 100 100 1496 1500 200 23 0 200 200 25 25 831 4.6 4.7 0 0 0 0 0 207.9 208 259.5 260 0.2 13.3 13.3 0 0 0 0 0 591.9 592 739.5 740 0 0 80.3 80 79.1 80 63.8 
196992416261830 100 100 1495 1500 200 13 0 200 200 25 25 831 4.6 4.7 0 0 0 0 0 207.9 208 259.5 260 0 13.3 13.3 0 0 0 0 0 591.6 592 739.5 740 0 0 80.3 80 79.1 80 63.8 
196992416261840 100 100 1498 1500 200 5 0 200 200 25 25 836 4.6 4.7 0 0 0 0 0 207.9 208 259.1 260 0 13.2 13.3 0 0 0 0 0 592.2 592 739.9 740 0 0 80.3 80 79.1 80 64.1 
196992416261850 100 100 1497 1500 200 26 0 200 200 25 25 835 4.6 4.7 0 0 0 0 0 207.9 208 259.5 260 0 13.3 13.3 0 0 0 0 0 591.9 592 739.5 740 0 0 80.3 80 79.1 80 64.1 
196992416261860 100 100 1497 1500 200 24 0 200 200 25 25 828 4.7 4.7 0 0 0 0 0 207.9 208 259.1 260 0.2 13.3 13.3 0 0 0 0 0 591.9 592 739.5 740 0 0 80.3 80 79.1 80 64.1 
196992416261870 100 100 1498 1500 200 15 0 200 200 25 25 831 4.7 4.7 0 0 0 0 0 208 208 259.1 260 0 13.3 13.3 0 0 0 0 0 591.9 592 739.5 740 0 0 80.3 80 79.1 80 64.1 
196992416261880 100 100 1495 1500 200 25 0 200 200 25 25 833 4.6 4.7 0 0 0 0 0 207.9 208 260 260 0.2 13.3 13.3 0 0 0 0 0 591.9 592 739.1 740 0 0 80.3 80 79.1 80 64.1 
196992416261890 100 100 1495 1500 200 27 0 200 200 25 25 837 4.6 4.7 0 0 0 0 0 207.9 208 259.1 260 0.2 13.3 13.3 0 0 0 0 0 591.9 592 739.5 740 0 0 80.3 80 79.1 80 64.1 
196992416261900 100 100 1498 1500 200 21 0 200 200 25 25 834 4.6 4.7 0 0 0 0 0 207.9 208 259.5 260 0 13.3 13.3 0 0 0 0 0 591.9 592 739.5 740 0 0 80.3 80 79.1 80 64.1 
196992416261910 100 100 1497 1500 200 17 0 200 200 25 25 833 4.6 4.7 0 0 0 0 0 207.9 208 259.5 260 0.2 13.2 13.3 0 0 0 0 0 591.9 592 739.1 740 0 0 80.3 80 79.1 80 64.1 
196992416261920 100.1 100 1498 1500 200 32 0 200 200 25 25 832 4.6 4.7 0 0 0 0 0 207.9 208 259.5 260 0 13.3 13.3 0 0 0 0 0 591.9 592 739.5 740 0 0 80.3 80 79.1 80 64.1 
196992416261930 100.1 100 1497 1500 200 18 0 200 200 25 25 829 4.6 4.7 0 0 0 0 0 207.9 208 259.5 260 0.2 13.3 13.3 0 0 0 0 0 591.9 592 739.5 740 0 0 80.3 80 79.1 80 64.1 
196992416261940 100.1 100 1496 1500 200 19 0 200 200 25 25 829 4.6 4.7 0 0 0 0 0 207.9 208 259.5 260 0 13.3 13.3 0 0 0 0 0 591.9 592 739.5 740 0 0 80.3 80 79.1 80 64.2 
196992416261950 100.1 100 1497 1500 200 18 0 200 200 25 25 835 4.6 4.7 0 0 0 0 0 207.9 208 260 260 0.2 13.3 13.3 0 0 0 0 0 591.9 592 739.9 740 0 0 80.3 80 79.2 80 64.2 
196992416261960 100.1 100 1498 1500 200 25 0 200 200 25 25 828 4.7 4.7 0 0 0 0 0 208 208 259.5 260 0 13.3 13.3 0 0 0 0 0 591.9 592 739.5 740 0 0 80.3 80 79.2 80 64.2 
196992416261970 100 100 1498 1500 200 20 0 200 200 25 25 829 4.6 4.7 0 0 0 0 0 207.9 208 260 260 0 13.3 13.3 0 0 0 0 0 591.9 592 739.5 740 0 0 80.3 80 79.2 80 64.2 
196992416261980 100 100 1497 1500 199 26 0 200 200 25 25 832 4.6 4.7 0 0 0 0 0 207.9 208 259.5 260 0 13.3 13.3 0 0 0 0 0 591.6 592 739.5 740 0 0 80.3 80 79.2 80 64.2 
196992416261990 100 100 1496 1500 200 17 0 200 200 25 25 825 4.6 4.7 0 0 0 0 0 207.9 208 259.5 260 0.2 13.3 13.3 0 0 0 0 0 591.9 592 739.5 740 0 0 80.3 80 79.2 80 64.2 
196992416262000 100 100 1496 1500 200 25 0 200 200 25 25 827 4.6 4.7 0 0 0 0 0 207.9 208 259.5 260 0.2 13.2 13.3 0 0 0 0 0 591.6 592 739.5 740 0 0 80.3 80 79.2 80 64.2 
196992416262010 100 100 1497 1500 200 19 0 200 200 25 25 829 4.7 4.7 0 0 0 0 0 207.9 208 259.5 260 0 13.3 13.3 0 0 0 0 0 592.2 592 739.9 740 0 0 80.3 80 79.2 80 64.2 
196992416262020 100 100 1498 1500 200 21 0 200 200 25 25 825 4.6 4.7 0 0 0 0 0 208 208 259.1 260 0 13.3 13.3 0 0 0 0 0 591.9 592 739.5 740 0 0 80.3 80 79.2 80 64.2 
196992416262030 100 100 1496 1500 200 23 0 200 200 25 25 828 4.6 4.7 0 0 0 0 0 207.9 208 259.5 260 0 13.3 13.3 0 0 0 0 0 591.9 592 739.9 740 0 0 80.3 80 79.2 80 64.2 
196992416262040 100 100 1496 1500 200 23 0 200 200 25 25 830 4.6 4.7 0 0 0 0 0 208 208 259.5 260 0 13.3 13.3 0 0 0 0 0 591.6 592 739.1 740 0 0 80.3 80 79.2 80 64 
196992416262050 100 100 1496 1500 200 29 0 200 200 25 25 825 4.6 4.7 0 0 0 0 0 207.9 208 260 260 0 13.3 13.3 0 0 0 0 0 591.9 592 739.5 740 0 0 80.3 80 79.2 80 64 
196992416262060 100 100 1496 1500 200 23 0 200 200 25 25 827 4.7 4.7 0 0 0 0 0 207.9 208 259.5 260 0.2 13.3 13.3 0 0 0 0 0 592.2 592 739.1 740 0 0 80.3 80 79.4 80 64 
196992416262070 100 100 1495 1500 200 15 0 200 200 25 25 826 4.6 4.7 0 0 0 0 0 207.9 208 259.5 260 0.2 13.3 13.3 0 0 0 0 0 591.9 592 739.1 740 0 0 80.3 80 79.4 80 64 
196992416262080 100 100 1495 1500 200 22 0 200 200 25 25 828 4.6 4.7 0 0 0 0 0 207.9 208 259.1 260 0.2 13.3 13.3 0 0 0 0 0 591.9 592 739.5 740 0 0 80.3 80 79.4 80 64 
196992416262090 100 100 1496 1500 200 26 0 200 200 25 25 830 4.6 4.7 0 0 0 0 0 207.9 208 259.1 260 0.2 13.3 13.3 0 0 0 0 0 591.6 592 739.5 740 0 0 80.3 80 79.4 80 64 
196992416262100 100 100 1497 1500 200 18 0 200 200 25 25 830 4.6 4.7 0 0 0 0 0 207.9 208 259.5 260 0.2 13.3 13.3 0 0 0 0 0 591.9 592 739.5 740 0 0 80.3 80 79.4 80 64 
196992416262110 100 100 1495 1500 200 10 0 200 200 25 25 828 4.6 4.7 0 0 0 0 0 207.9 208 259.1 260 0 13.3 13.3 0 0 0 0 0 591.9 592 739.5 740 0 0 80.3 80 79.4 80 64 
196992416262120 100 100 1497 1500 200 17 0 200 200 25 25 826 4.6 4.7 0 0 0 0 0 207.9 208 260 260 0 13.3 13.3 0 0 0 0 0 591.9 592 739.9 740 0 0 80.3 80 79.4 80 64 
196992416262130 100 100 1496 1500 200 21 0 200 200 25 25 828 4.6 4.7 0 0 0 0 0 207.9 208 259.5 260 0 13.3 13.3 0 0 0 0 0 591.9 592 739.5 740 0 0 80.3 80 79.4 80 64 
196992416262140 100 100 1497 1500 200 17 0 200 200 25 25 827 4.6 4.7 0 0 0 0 0 207.9 208 259.5 260 0 13.3 13.3 0 0 0 0 0 592.2 592 739.9 740 0 0 80.3 80 79.4 80 64 
196992416262150 100 100 1497 1500 200 22 0 200 200 25 25 825 4.6 4.7 0 0 0 0 0 207.9 208 259.5 260 0 13.3 13.3 0 0 0 0 0 591.9 592 739.5 740 0 0 80.3 80 79.4 80 64 
196992416262160 100 100 1496 1500 200 17 0 200 200 25 25 825 4.6 4.7 0 0 0 0 0 207.9 208 259.5 260 0 13.3 13.3 0 0 0 0 0 592.2 592 739.1 740 0 0 80.3 80 79.4 80 64 
196992416262170 100 100 1498 1500 200 16 0 200 200 25 25 824 4.6 4.7 0 0 0 0 0 207.9 208 259.5 260 0 13.3 13.3 0 0 0 0 0 591.9 592 739.9 740 0 0 80.3 80 79.4 80 64 
196992416262180 100 100 1497 1500 200 22 0 200 200 25 25 825 4.6 4.7 0 0 0 0 0 208 208 259.5 260 0 13.3 13.3 0 0 0 0 0 591.9 592 739.5 740 0 0 80.3 80 79.5 80 64 
196992416262190 100 100 1496 1500 201 3 0 200 200 25 25 830 4.6 4.7 0 0 0 0 0 207.9 208 260 260 0 13.3 13.3 0 0 0 0 0 591.9 592 739.1 740 0 0 80.3 80 79.5 80 64 
196992416262200 100 100 1498 1500 200 3 0 200 200 25 25 831 4.6 4.7 0 0 0 0 0 207.9 208 259.5 260 0.2 13.3 13.3 0 0 0 0 0 591.9 592 739.5 740 0 0 80.3 80 79.5 80 64 
196992416262210 100 100 1496 1500 200 4 0 200 200 25 25 831 4.6 4.7 0 0 0 0 0 207.9 208 259.5 260 0 13.3 13.3 0 0 0 0 0 591.9 592 739.5 740 0 0 80.3 80 79.5 80 64 
196992416262220 99.9 100 1499 1500 200 14 0 200 200 25 25 827 4.6 4.7 0 0 0 0 0 208 208 259.1 260 0 13.2 13.3 0 0 0 0 0 591.9 592 739.5 740 0 0 80.3 80 79.5 80 64 
196992416262230 99.9 100 1500 1500 200 17 0 200 200 25 25 825 4.6 4.7 0 0 0 0 0 207.9 208 260 260 0 13.2 13.3 0 0 0 0 0 591.6 592 739.9 740 0 0 80.3 80 79.5 80 64 
196992416262240 99.9 100 1499 1500 200 26 0 200 200 25 25 825 4.6 4.7 0 0 0 0 0 207.9 208 259.5 260 0 13.3 13.3 0 0 0 0 0 591.9 592 739.9 740 0 0 80.3 80 79.5 80 64.3 
196992416262250 99.9 100 1499 1500 200 9 0 200 200 25 25 822 4.6 4.7 0 0 0 0 0 207.9 208 259.1 260 0 13.3 13.3 0 0 0 0 0 591.9 592 739.9 740 0 0 80.3 80 79.5 80 64.3 
196992416262260 99.9 100 1498 1500 200 11 0 200 200 25 25 828 4.6 4.7 0 0 0 0 0 207.9 208 259.5 260 0 13.3 13.3 0 0 0 0 0 591.9 592 739.5 740 0 0 80.3 80 79.5 80 64.3 
196992416262270 100.1 100 1496 1500 200 18 0 200 200 25 25 827 4.6 4.7 0 0 0 0 0 207.9 208 260 260 0.2 13.3 13.3 0 0 0 0 0 591.9 592 739.5 740 0 0 80.3 80 79.5 80 64.3 
196992416262280 100.1 100 1496 1500 200 13 0 200 200 25 25 828 4.6 4.7 0 0 0 0 0 207.9 208 259.1 260 0.2 13.2 13.3 0 0 0 0 0 591.9 592 739.5 740 0 0 80.3 80 79.5 80 64.3 
196992416262290 100.1 100 1497 1500 200 9 0 200 200 25 25 831 4.6 4.7 0 0 0 0 0 207.9 208 259.5 260 0.2 13.3 13.3 0 0 0 0 0 591.6 592 739.5 740 0 0 80.3 80 79.6 80 64.3 
196992416262300 100.1 100 1498 1500 200 23 0 200 200 25 25 825 4.6 4.7 0 0 0 0 0 207.9 208 259.5 260 0 13.2 13.3 0 0 0 0 0 591.9 592 739.5 740 0 0 80.3 80 79.6 80 64.3 
196992416262310 100.1 100 1496 1500 200 15 0 200 200 25 25 829 4.6 4.7 0 0 0 0 0 207.9 208 259.5 260 0.2 13.3 13.3 0 0 0 0 0 591.9 592 739.5 740 0 0 80.3 80 79.6 80 64.3 
196992416262320 100 100 1495 1500 200 16 0 200 200 25 25 826 4.6 4.7 0 0 0 0 0 207.9 208 259.5 260 0.2 13.3 13.3 0 0 0 0 0 591.9 592 739.5 740 0 0 80.3 80 79.6 80 64.3 
196992416262330 100 100 1496 1500 200 18 0 200 200 25 25 830 4.6 4.7 0 0 0 0 0 207.9 208 259.5 260 0 13.3 13.3 0 0 0 0 0 591.9 592 739.9 740 0 0 80.3 80 79.6 80 64.3 
196992416262340 100 100 1497 1500 200 22 0 200 200 25 25 823 4.6 4.7 0 0 0 0 0 207.9 208 259.5 260 0 13.3 13.3 0 0 0 0 0 591.9 592 739.5 740 0 0 80.3 80 79.6 80 64 
196992416262350 100 100 1496 1500 200 11 1 200 200 25 25 826 4.7 4.7 0 0 0 0 0 208 208 259.5 260 0.2 13.3 13.3 0 0 0 0 0 591.9 592 739.5 740 0 0 80.3 80 79.6 80 64 
196992416262360 100 100 1497 1500 200 19 0 200 200 25 25 824 4.6 4.7 0 0 0 0 0 207.9 208 260 260 0 13.3 13.3 0 0 0 0 0 591.9 592 739.5 740 0 0 80.3 80 79.6 80 64 
196992416262370 100.1 100 1497 1500 201 24 1 200 200 25 25 826 4.6 4.7 0 0 0 0 0 207.9 208 259.1 260 0 13.3 13.3 0 0 0 0 0 591.9 592 739.5 740 0 0 80.3 80 79.6 80 64 
196992416262380 100.1 100 1497 1500 200 18 0 200 200 25 25 824 4.6 4.7 0 0 0 0 0 208 208 259.5 260 0.2 13.3 13.3 0 0 0 0 0 591.9 592 739.5 740 0 0 80.3 80 79.6 80 64 
196992416262390 100.1 100 1499 1500 200 24 0 200 200 25 25 827 4.7 4.7 0 0 0 0 0 207.9 208 259.5 260 0 13.3 13.3 0 0 0 0 0 591.6 592 739.5 740 0 0 80.3 80 79.6 80 64 
196992416262400 100.1 100 1498 1500 200 13 0 200 200 25 25 827 4.6 4.7 0 0 0 0 0 208 208 259.1 260 0 13.3 13.3 0 0 0 0 0 591.9 592 739.5 740 0 0 80.3 80 79.6 80 64 
196992416262410 100.1 100 1497 1500 200 11 0 200 200 25 25 824 4.6 4.7 0 0 0 0 0 207.9 208 260 260 0.2 13.3 13.3 0 0 0 0 0 591.9 592 739.5 740 0 0 80.3 80 79.7 80 64 
196992416262420 100.1 100 1497 1500 200 22 0 200 200 25 25 825 4.6 4.7 0 0 0 0 0 207.9 208 259.1 260 0.2 13.3 13.3 0 0 0 0 0 591.9 592 739.9 740 0 0 80.3 80 79.7 80 64 
196992416262430 100.1 100 1495 1500 200 15 0 200 200 25 25 822 4.6 4.7 0 0 0 0 0 207.9 208 259.5 260 0.2 13.2 13.3 0 0 0 0 0 591.9 592 739.5 740 0 0 80.3 80 79.7 80 64 
196992416262440 100.1 100 1495 1500 200 0 0 200 200 25 25 831 4.6 4.7 0 0 0 0 0 207.9 208 260 260 0 13.3 13.3 0 0 0 0 0 591.9 592 739.5 740 0 0 80.3 80 79.7 80 63.9 
196992416262450 100.1 100 1495 1500 200 13 0 200 200 25 25 822 4.6 4.7 0 0 0 0 0 207.9 208 259.5 260 0 13.2 13.3 0 0 0 0 0 591.9 592 739.5 740 0 0 80.3 80 79.7 80 63.9 
196992416262460 100.1 100 1497 1500 200 21 0 200 200 25 25 823 4.6 4.7 0 0 0 0 0 208 208 259.5 260 0 13.3 13.3 0 0 0 0 0 591.9 592 739.9 740 0 0 80.3 80 79.7 80 63.9 
196992416262470 100 100 1497 1500 200 20 0 200 200 25 25 822 4.6 4.7 0 0 0 0 0 207.9 208 259.5 260 0.2 13.3 13.3 0 0 0 0 0 591.9 592 739.5 740 0 0 80.3 80 79.7 80 63.9 
196992416262480 100 100 1497 1500 200 5 0 200 200 25 25 828 4.6 4.7 0 0 0 0 0 207.9 208 259.5 260 0.2 13.3 13.3 0 0 0 0 0 591.9 592 739.9 740 0 0 80.3 80 79.7 80 63.9 
196992416262490 100 100 1496 1500 200 19 0 200 200 25 25 823 4.6 4.7 0 0 0 0 0 207.9 208 260 260 0 13.3 13.3 0 0 0 0 0 591.9 592 739.9 740 0 0 80.3 80 79.7 80 63.9 
196992416262500 100 100 1498 1500 200 10 0 200 200 25 25 827 4.7 4.7 0 0 0 0 0 207.9 208 259.5 260 0 13.3 13.3 0 0 0 0 0 592.2 592 739.9 740 0 0 80.3 80 79.7 80 63.9 
196992416262510 100 100 1496 1500 200 2 0 200 200 25 25 827 4.6 4.7 0 0 0 0 0 207.9 208 259.1 260 0 13.2 13.3 0 0 0 0 0 591.9 592 739.5 740 0 0 80.3 80 79.7 80 63.9 
196992416262520 100 100 1495 1500 200 2 0 200 200 25 25 827 4.6 4.7 0 0 0 0 0 207.9 208 260 260 0 13.3 13.3 0 0 0 0 0 591.9 592 739.5 740 0 0 80.3 80 79.9 80 63.9 
196992416262530 100 100 1499 1500 200 1 0 200 200 25 25 827 4.6 4.7 0 0 0 0 0 207.9 208 259.1 260 0 13.3 13.3 0 0 0 0 0 591.9 592 739.9 740 0 0 80.3 80 79.9 80 63.9 
196992416262540 100 100 1497 1500 200 17 0 200 200 25 25 824 4.6 4.7 0 0 0 0 0 207.9 208 259.5 260 0 13.2 13.3 0 0 0 0 0 591.9 592 739.5 740 0 0 80.3 80 79.9 80 63.9 
196992416262550 100 100 1497 1500 200 4 0 200 200 25 25 829 4.6 4.7 0 0 0 0 0 208 208 259.5 260 0 13.2 13.3 0 0 0 0 0 591.9 592 739.5 740 0 0 80.3 80 79.9 80 63.9 
196992416262560 100 100 1496 1500 200 2 0 200 200 25 25 826 4.6 4.7 0 0 0 0 0 207.9 208 259.5 260 0 13.3 13.3 0 0 0 0 0 591.9 592 739.5 740 0 0 80.3 80 79.9 80 63.9 
196992416262570 100 100 1496 1500 200 4 0 200 200 25 25 826 4.7 4.7 0 0 0 0 0 208 208 260 260 0 13.2 13.3 0 0 0 0 0 591.9 592 739.5 740 0 0 80.3 80 79.9 80 63.9 
196992416262580 100 100 1495 1500 200 16 0 200 200 25 25 821 4.6 4.7 0 0 0 0 0 207.9 208 259.1 260 0.2 13.3 13.3 0 0 0 0 0 592.2 592 739.9 740 0 0 80.3 80 79.9 80 63.9 
196992416262590 100 100 1499 1500 200 18 0 200 200 25 25 824 4.6 4.7 0 0 0 0 0 207.9 208 260 260 0 13.3 13.3 0 0 0 0 0 591.9 592 739.5 740 0 0 80.3 80 79.9 80 63.9 
196992416262600 100 100 1495 1500 200 16 0 200 200 25 25 823 4.7 4.7 0 0 0 0 0 208 208 259.5 260 0 13.2 13.3 0 0 0 0 0 591.9 592 739.5 740 0 0 80.3 80 79.9 80 63.9 
196992416262610 100 100 1497 1500 200 20 0 200 200 25 25 820 4.6 4.7 0 0 0 0 0 207.9 208 259.5 260 0 13.3 13.3 0 0 0 0 0 591.9 592 739.1 740 0 0 80.3 80 79.9 80 63.9 
196992416262620 100.1 100 1498 1500 200 7 0 200 200 25 25 825 4.6 4.7 0 0 0 0 0 207.9 208 259.5 260 0.2 13.3 13.3 0 0 0 0 0 591.9 592 739.5 740 0 0 80.3 80 79.9 80 63.9 
196992416262630 100.1 100 1495 1500 200 2 0 200 200 25 25 828 4.6 4.7 0 0 0 0 0 207.9 208 260 260 0 13.3 13.3 0 0 0 0 0 591.9 592 739.5 740 0 0 80.3 80 79.9 80 63.9 
196992416262640 100.1 100 1497 1500 201 2 0 200 200 25 25 829 4.7 4.7 0 0 0 0 0 208 208 259.1 260 0.2 13.3 13.3 0 0 0 0 0 592.2 592 739.5 740 0 0 80.3 80 80.2 80 64.1 
196992416262650 100.1 100 1496 1500 200 2 0 200 200 25 25 826 4.6 4.7 0 0 0 0 0 207.9 208 259.5 260 0.2 13.2 13.3 0 0 0 0 0 591.9 592 739.1 740 0 0 80.3 80 80.2 80 64.1 
196992416262660 100.1 100 1498 1500 200 2 0 200 200 25 25 826 4.6 4.7 0 0 0 0 0 207.9 208 259.5 260 0.2 13.2 13.3 0 0 0 0 0 591.9 592 739.9 740 0 0 80.3 80 80.2 80 64.1 
196992416262670 100 100 1495 1500 200 11 0 200 200 25 25 828 4.6 4.7 0 0 0 0 0 208 208 259.5 260 0 13.3 13.3 0 0 0 0 0 591.9 592 739.5 740 0 0 80.3 80 80.2 80 64.1 
196992416262680 100 100 1497 1500 200 18 0 200 200 25 25 825 4.6 4.7 0 0 0 0 0 207.9 208 260 260 0.2 13.3 13.3 0 0 0 0 0 591.9 592 739.5 740 0 0 80.3 80 80.2 80 64.1 
196992416262690 100 100 1497 1500 200 21 0 200 200 25 25 820 4.6 4.7 0 0 0 0 0 207.9 208 260 260 0 13.3 13.3 0 0 0 0 0 591.9 592 739.5 740 0 0 80.3 80 80.2 80 64.1 
196992416262700 100 100 1496 1500 200 19 0 200 200 25 25 820 4.6 4.7 0 0 0 0 0 208 208 259.5 260 0 13.3 13.3 0 0 0 0 0 591.9 592 739.5 740 0 0 80.3 80 80.2 80 64.1 
196992416262710 100 100 1496 1500 200 12 0 200 200 25 25 822 4.6 4.7 0 0 0 0 0 207.9 208 259.5 260 0.2 13.2 13.3 0 0 0 0 0 591.9 592 739.9 740 0 0 80.3 80 80.2 80 64.1 
196992416262720 100.1 100 1495 1500 200 7 0 200 200 25 25 817 4.6 4.7 0 0 0 0 0 207.9 208 259.5 260 0 13.3 13.3 0 0 0 0 0 591.9 592 739.9 740 0 0 80.3 80 80.2 80 64.1 
196992416262730 100.1 100 1500 1500 200 20 0 200 200 25 25 820 4.6 4.7 0 0 0 0 0 207.9 208 259.5 260 0 13.3 13.3 0 0 0 0 0 591.9 592 739.1 740 0 0 80.3 80 80.2 80 64.1 
196992416262740 100.1 100 1496 1500 200 28 0 200 200 25 25 820 4.6 4.7 0 0 0 0 0 207.9 208 259.5 260 0.2 13.3 13.3 0 0 0 0 0 591.6 592 739.5 740 0 0 80.3 80 80.2 80 63.9 
196992416262750 100.1 100 1495 1500 200 24 0 200 200 25 25 817 4.6 4.7 0 0 0 0 0 207.9 208 259.5 260 0.2 13.3 13.3 0 0 0 0 0 591.9 592 739.5 740 0 0 80.3 80 80.3 80 63.9 
196992416262760 100.1 100 1495 1500 200 27 0 200 200 25 25 821 4.7 4.7 0 0 0 0 0 208 208 259.5 260 0 13.3 13.3 0 0 0 0 0 591.9 592 739.1 740 0 0 80.3 80 80.3 80 63.9 
196992416262770 99.9 100 1495 1500 200 20 0 200 200 25 25 823 4.6 4.7 0 0 0 0 0 207.9 208 259.5 260 0.2 13.2 13.3 0 0 0 0 0 591.9 592 739.1 740 0 0 80.3 80 80.3 80 63.9 
196992416262780 99.9 100 1498 1500 200 30 0 200 200 25 25 818 4.6 4.7 0 0 0 0 0 207.9 208 259.5 260 0 13.3 13.3 0 0 0 0 0 591.9 592 739.5 740 0 0 80.3 80 80.3 80 63.9 
196992416262790 99.9 100 1497 1500 200 18 0 200 200 25 25 824 4.6 4.7 0 0 0 0 0 207.9 208 259.1 260 0 13.3 13.3 0 0 0 0 0 591.9 592 739.5 740 0 0 80.3 80 80.3 80 63.9 
196992416262800 99.9 100 1497 1500 200 23 0 200 200 25 25 820 4.7 4.7 0 0 0 0 0 207.9 208 259.1 260 0 13.3 13.3 0 0 0 0 0 591.9 592 739.5 740 0 0 80.3 80 80.3 80 63.9 
196992416262810 99.9 100 1497 1500 200 23 0 200 200 25 25 819 4.6 4.7 0 0 0 0 0 207.9 208 260 260 0.2 13.2 13.3 0 0 0 0 0 591.9 592 739.9 740 0 0 80.3 80 80.3 80 63.9 
196992416262820 100 100 1498 1500 200 19 0 200 200 25 25 819 4.6 4.7 0 0 0 0 0 207.9 208 259.5 260 0 13.3 13.3 0 0 0 0 0 591.9 592 739.5 740 0 0 80.3 80 80.3 80 63.9 
196992416262830 100 100 1496 1500 200 24 0 200 200 25 25 823 4.6 4.7 0 0 0 0 0 208 208 259.1 260 0.2 13.2 13.3 0 0 0 0 0 591.9 592 739.5 740 0 0 80.3 80 80.3 80 63.9 
196992416262840 100 100 1496 1500 200 29 0 200 200 25 25 821 4.6 4.7 0 0 0 0 0 207.9 208 259.5 260 0.2 13.3 13.3 0 0 0 0 0 591.9 592 739.1 740 0 0 80.3 80 80.3 80 64.1 
196992416262850 100 100 1496 1500 200 21 0 200 200 25 25 822 4.6 4.7 0 0 0 0 0 207.9 208 259.5 260 0.2 13.3 13.3 0 0 0 0 0 591.9 592 739.9 740 0 0 80.3 80 80.3 80 64.1 
196992416262860 100 100 1495 1500 200 29 0 200 200 25 25 822 4.6 4.7 0 0 0 0 0 207.9 208 260 260 0.2 13.2 13.3 0 0 0 0 0 591.9 592 739.5 740 0 0 80.3 80 80.3 80 64.1 
196992416262870 100 100 1495 1500 200 21 0 200 200 25 25 817 4.6 4.7 0 0 0 0 0 207.9 208 258.6 260 0 13.3 13.3 0 0 0 0 0 591.9 592 739.1 740 0 0 80.3 80 80.6 80 64.1 
196992416262880 100 100 1497 1500 200 24 0 200 200 25 25 819 4.7 4.7 0 0 0 0 0 207.9 208 259.5 260 0.2 13.3 13.3 0 0 0 0 0 591.6 592 739.5 740 0 0 80.3 80 80.6 80 64.1 
196992416262890 100 100 1497 1500 200 21 0 200 200 25 25 816 4.6 4.7 0 0 0 0 0 208 208 259.1 260 0.2 13.3 13.3 0 0 0 0 0 591.9 592 739.9 740 0 0 80.3 80 80.6 80 64.1 
196992416262900 100 100 1495 1500 200 19 0 200 200 25 25 825 4.6 4.7 0 0 0 0 0 207.9 208 259.5 260 0 13.2 13.3 0 0 0 0 0 592.2 592 739.5 740 0 0 80.3 80 80.6 80 64.1 
196992416262910 100 100 1497 1500 200 18 0 200 200 25 25 822 4.6 4.7 0 0 0 0 0 207.9 208 260 260 0.2 13.3 13.3 0 0 0 0 0 592.2 592 739.5 740 0 0 80.3 80 80.6 80 64.1 
196992416262920 100 100 1495 1500 200 17 0 200 200 25 25 826 4.6 4.7 0 0 0 0 0 207.9 208 259.1 260 0 13.3 13.3 0 0 0 0 0 591.9 592 739.5 740 0 0 80.3 80 80.6 80 64.1 
196992416262930 100 100 1496 1500 200 23 0 200 200 25 25 820 4.6 4.7 0 0 0 0 0 207.9 208 259.5 260 0.2 13.3 13.3 0 0 0 0 0 591.9 592 739.5 740 0 0 80.3 80 80.6 80 64.1 
196992416262940 100 100 1500 1500 200 22 0 200 200 25 25 822 4.6 4.7 0 0 0 0 0 207.9 208 259.1 260 0.2 13.2 13.3 0 0 0 0 0 591.9 592 739.9 740 0 0 80.3 80 80.6 80 63.8 
196992416262950 100 100 1499 1500 200 20 0 200 200 25 25 820 4.6 4.7 0 0 0 0 0 207.9 208 259.1 260 0 13.3 13.3 0 0 0 0 0 591.9 592 739.5 740 0 0 80.3 80 80.6 80 63.8 
196992416262960 100 100 1499 1500 200 16 0 200 200 25 25 822 4.7 4.7 0 0 0 0 0 207.9 208 259.5 260 0.2 13.3 13.3 0 0 0 0 0 591.9 592 739.5 740 0 0 80.3 80 80.6 80 63.8 
196992416262970 100 100 1497 1500 200 24 0 200 200 25 25 818 4.6 4.7 0 0 0 0 0 207.9 208 259.5 260 0.2 13.3 13.3 0 0 0 0 0 591.9 592 739.5 740 0 0 80.3 80 80.6 80 63.8 
196992416262980 100 100 1497 1500 200 27 0 200 200 25 25 821 4.7 4.7 0 0 0 0 0 208 208 260 260 0.2 13.2 13.3 0 0 0 0 0 591.9 592 739.1 740 0 0 80.3 80 80.8 80 63.8 
196992416262990 100 100 1496 1500 200 25 0 200 200 25 25 817 4.7 4.7 0 0 0 0 0 207.9 208 260 260 0.2 13.3 13.3 0 0 0 0 0 591.9 592 739.1 740 0 0 80.3 80 80.8 80 63.8 
196992416263000 100 100 1495 1500 200 36 0 200 200 25 25 816 4.6 4.7 0 0 0 0 0 207.9 208 260 260 0 13.3 13.3 0 0 0 0 0 591.9 592 739.5 740 0 0 80.3 80 80.8 80 63.8 
196992416263010 100 100 1496 1500 200 19 0 200 200 25 25 824 4.6 4.7 0 0 0 0 0 207.9 208 260 260 0 13.3 13.3 0 0 0 0 0 591.9 592 739.1 740 0 0 80.3 80 80.8 80 63.8 
196992416263020 100 100 1498 1500 200 17 0 200 200 25 25 817 4.6 4.7 0 0 0 0 0 207.9 208 259.5 260 0.2 13.3 13.3 0 0 0 0 0 591.9 592 739.1 740 0 0 80.3 80 80.8 80 63.8 
196992416263030 100 100 1496 1500 200 27 0 200 200 25 25 824 4.7 4.7 0 0 0 0 0 207.9 208 259.5 260 0 13.3 13.3 0 0 0 0 0 591.6 592 739.5 740 0 0 80.3 80 80.8 80 63.8 
196992416263040 100 100 1495 1500 200 21 0 200 200 25 25 819 4.6 4.7 0 0 0 0 0 208 208 259.5 260 0.2 13.3 13.3 0 0 0 0 0 591.9 592 739.5 740 0 0 80.3 80 80.8 80 64.3 
196992416263050 100 100 1495 1500 200 24 0 200 200 25 25 819 4.6 4.7 0 0 0 0 0 207.9 208 259.5 260 0.2 13.3 13.3 0 0 0 0 0 591.9 592 739.9 740 0 0 80.3 80 80.8 80 64.3 
196992416263060 100 100 1497 1500 200 18 0 200 200 25 25 818 4.6 4.7 0 0 0 0 0 207.9 208 259.5 260 0 13.3 13.3 0 0 0 0 0 591.9 592 739.9 740 0 0 80.3 80 80.8 80 64.3 
196992416263070 99.9 100 1497 1500 200 25 0 200 200 25 25 820 4.6 4.7 0 0 0 0 0 207.9 208 259.5 260 0 13.3 13.3 0 0 0 0 0 591.9 592 739.5 740 0 0 80.3 80 80.8 80 64.3 
196992416263080 99.9 100 1499 1500 200 21 0 200 200 25 25 819 4.6 4.7 0 0 0 0 0 207.9 208 259.5 260 0.2 13.3 13.3 0 0 0 0 0 591.9 592 739.1 740 0 0 80.3 80 80.8 80 64.3 
196992416263090 99.9 100 1497 1500 201 15 0 200 200 25 25 819 4.6 4.7 0 0 0 0 0 207.9 208 259.1 260 0 13.3 13.3 0 0 0 0 0 591.9 592 739.1 740 0 0 80.3 80 80.8 80 64.3 
196992416263100 99.9 100 1497 1500 200 16 0 200 200 25 25 818 4.6 4.7 0 0 0 0 0 207.9 208 259.5 260 0 13.3 13.3 0 0 0 0 0 591.9 592 739.9 740 0 0 80.3 80 81 80 64.3 
196992416263110 99.9 100 1497 1500 200 12 0 200 200 25 25 823 4.6 4.7 0 0 0 0 0 207.9 208 259.5 260 0 13.3 13.3 0 0 0 0 0 591.9 592 739.1 740 0 0 80.3 80 81 80 64.3 
196992416263120 100 100 1498 1500 200 11 0 200 200 25 25 818 4.6 4.7 0 0 0 0 0 207.9 208 259.5 260 0.2 13.3 13.3 0 0 0 0 0 591.9 592 739.1 740 0 0 80.3 80 81 80 64.3 
196992416263130 100 100 1497 1500 200 23 0 200 200 25 25 817 4.6 4.7 0 0 0 0 0 208 208 259.5 260 0.2 13.2 13.3 0 0 0 0 0 591.9 592 739.1 740 0 0 80.3 80 81 80 64.3 
196992416263140 100 100 1497 1500 200 20 0 200 200 25 25 818 4.6 4.7 0 0 0 0 0 207.9 208 259.5 260 0 13.3 13.3 0 0 0 0 0 591.9 592 739.1 740 0 0 80.3 80 81 80 64.2 
196992416263150 100 100 1497 1500 200 23 0 200 200 25 25 818 4.6 4.7 0 0 0 0 0 207.9 208 259.5 260 0.2 13.3 13.3 0 0 0 0 0 592.2 592 739.5 740 0 0 80.3 80 81 80 64.2 
196992416263160 100 100 1498 1500 200 22 0 200 200 25 25 817 4.6 4.7 0 0 0 0 0 207.9 208 259.5 260 0 13.3 13.3 0 0 0 0 0 591.9 592 739.1 740 0 0 80.3 80 81 80 64.2 
196992416263170 99.9 100 1497 1500 200 20 0 200 200 25 25 819 4.6 4.7 0 0 0 0 0 207.9 208 259.5 260 0 13.2 13.3 0 0 0 0 0 591.9 592 739.1 740 0 0 80.3 80 81 80 64.2 
196992416263180 99.9 100 1496 1500 200 16 0 200 200 25 25 820 4.6 4.7 0 0 0 0 0 207.9 208 259.5 260 0 13.3 13.3 0 0 0 0 0 591.6 592 739.9 740 0 0 80.3 80 81 80 64.2 
196992416263190 99.9 100 1498 1500 200 10 0 200 200 25 25 821 4.6 4.7 0 0 0 0 0 207.9 208 259.5 260 0.2 13.3 13.3 0 0 0 0 0 592.2 592 739.1 740 0 0 80.3 80 81 80 64.2 
196992416263200 99.9 100 1497 1500 200 20 0 200 200 25 25 821 4.6 4.7 0 0 0 0 0 207.9 208 259.5 260 0 13.3 13.3 0 0 0 0 0 591.9 592 739.5 740 0 0 80.3 80 81 80 64.2 
196992416263210 99.9 100 1496 1500 200 18 0 200 200 25 25 820 4.7 4.7 0 0 0 0 0 207.9 208 259.5 260 0 13.3 13.3 0 0 0 0 0 591.9 592 739.5 740 0 0 80.2 80 81.2 80 64.2 
196992416263220 100 100 1494 1500 200 19 0 200 200 25 25 817 4.7 4.7 0 0 0 0 0 207.9 208 259.5 260 0.2 13.3 13.3 0 0 0 0 0 591.9 592 739.5 740 0 0 80.2 80 81.2 80 64.2 
196992416263230 100 100 1496 1500 200 18 0 200 200 25 25 818 4.6 4.7 0 0 0 0 0 207.9 208 259.5 260 0 13.3 13.3 0 0 0 0 0 591.6 592 739.5 740 0 0 80.2 80 81.2 80 64.2 
196992416263240 100 100 1495 1500 200 16 0 200 200 25 25 816 4.6 4.7 0 0 0 0 0 207.9 208 259.5 260 0 13.3 13.3 0 0 0 0 0 591.6 592 739.5 740 0 0 80.2 80 81.2 80 64.2 
196992416263250 100 100 1495 1500 200 26 0 200 200 25 25 821 4.6 4.7 0 0 0 0 0 207.9 208 259.5 260 0 13.2 13.3 0 0 0 0 0 591.9 592 739.5 740 0 0 80.2 80 81.2 80 64.2 
196992416263260 100 100 1496 1500 200 22 0 200 200 25 25 821 4.6 4.7 0 0 0 0 0 208 208 259.5 260 0 13.3 13.3 0 0 0 0 0 591.9 592 739.5 740 0 0 80.2 80 81.2 80 64.2 
196992416263270 100 100 1500 1500 200 33 0 200 200 25 25 820 4.6 4.7 0 0 0 0 0 207.9 208 259.5 260 0 13.3 13.3 0 0 0 0 0 591.9 592 739.5 740 0 0 80.2 80 81.2 80 64.2 
196992416263280 100 100 1496 1500 200 26 0 200 200 25 25 817 4.6 4.7 0 0 0 0 0 207.9 208 259.5 260 0 13.3 13.3 0 0 0 0 0 591.9 592 739.5 740 0 0 80.2 80 81.2 80 64.2 
196992416263290 100 100 1496 1500 200 26 0 200 200 25 25 824 4.6 4.7 0 0 0 0 0 207.9 208 259.5 260 0 13.2 13.3 0 0 0 0 0 591.9 592 739.1 740 0 0 80.2 80 81.2 80 64.2 
196992416263300 100 100 1495 1500 200 4 0 200 200 25 25 821 4.6 4.7 0 0 0 0 0 208 208 259.1 260 0.2 13.2 13.3 0 0 0 0 0 591.9 592 739.5 740 0 0 80.2 80 81.2 80 64.2 
196992416263310 100 100 1498 1500 200 13 0 200 200 25 25 815 4.6 4.7 0 0 0 0 0 208 208 260 260 0 13.3 13.3 0 0 0 0 0 591.9 592 739.5 740 0 0 80.2 80 81.2 80 64.2 
196992416263320 100 100 1497 1500 200 19 0 200 200 25 25 820 4.6 4.7 0 0 0 0 0 207.9 208 259.5 260 0 13.3 13.3 0 0 0 0 0 591.9 592 739.5 740 0 0 80.2 80 81.2 80 64.2 
196992416263330 100 100 1496 1500 200 31 0 200 200 25 25 818 4.6 4.7 0 0 0 0 0 208 208 260 260 0.2 13.3 13.3 0 0 0 0 0 591.9 592 739.5 740 0 0 80.3 80 81.6 80 64.2 
196992416263340 100 100 1496 1500 200 25 0 200 200 25 25 821 4.6 4.7 0 0 0 0 0 207.9 208 259.1 260 0 13.3 13.3 0 0 0 0 0 592.2 592 739.5 740 0 0 80.3 80 81.6 80 63.9 
196992416263350 100 100 1495 1500 200 10 0 200 200 25 25 817 4.6 4.7 0 0 0 0 0 207.9 208 259.5 260 0 13.3 13.3 0 0 0 0 0 591.9 592 739.5 740 0 0 80.3 80 81.6 80 63.9 
196992416263360 100 100 1495 1500 200 2 0 200 200 25 25 824 4.7 4.7 0 0 0 0 0 207.9 208 259.5 260 0 13.3 13.3 0 0 0 0 0 591.9 592 739.9 740 0 0 80.3 80 81.6 80 63.9 
196992416263370 100 100 1497 1500 200 7 0 200 200 25 25 817 4.6 4.7 0 0 0 0 0 207.9 208 259.5 260 0 13.3 13.3 0 0 0 0 0 591.9 592 739.9 740 0 0 80.3 80 81.6 80 63.9 
196992416263380 100 100 1498 1500 200 24 0 200 200 25 25 819 4.6 4.7 0 0 0 0 0 207.9 208 259.1 260 0.2 13.2 13.3 0 0 0 0 0 591.9 592 739.5 740 0 0 80.3 80 81.6 80 63.9 
196992416263390 100 100 1496 1500 200 24 0 200 200 25 25 815 4.6 4.7 0 0 0 0 0 207.9 208 259.1 260 0.2 13.3 13.3 0 0 0 0 0 591.9 592 739.1 740 0 0 80.3 80 81.6 80 63.9 
196992416263400 100 100 1495 1500 200 22 0 200 200 25 25 818 4.6 4.7 0 0 0 0 0 207.9 208 259.1 260 0.2 13.3 13.3 0 0 0 0 0 591.9 592 739.1 740 0 0 80.3 80 81.6 80 63.9 
196992416263410 100 100 1495 1500 200 16 0 200 200 25 25 822 4.6 4.7 0 0 0 0 0 207.9 208 260 260 0.2 13.3 13.3 0 0 0 0 0 591.9 592 739.5 740 0 0 80.3 80 81.6 80 63.9 
196992416263420 100.1 100 1497 1500 200 19 0 200 200 25 25 816 4.6 4.7 0 0 0 0 0 208 208 259.5 260 0.2 13.3 13.3 0 0 0 0 0 591.9 592 739.5 740 0 0 80.3 80 81.6 80 63.9 
196992416263430 100.1 100 1496 1500 200 26 0 200 200 25 25 815 4.6 4.7 0 0 0 0 0 207.9 208 259.5 260 0.2 13.3 13.3 0 0 0 0 0 591.9 592 739.9 740 0 0 80.3 80 81.6 80 63.9 
196992416263440 100.1 100 1497 1500 200 27 0 200 200 25 25 820 4.6 4.7 0 0 0 0 0 207.9 208 259.5 260 0 13.3 13.3 0 0 0 0 0 591.9 592 739.5 740 0 0 80.2 80 81.6 80 64.1 
196992416263450 100.1 100 1497 1500 200 24 0 200 200 25 25 815 4.6 4.7 0 0 0 0 0 207.9 208 259.5 260 0 13.3 13.3 0 0 0 0 0 591.9 592 739.1 740 0 0 80.2 80 81.6 80 64.1 
196992416263460 100.1 100 1497 1500 200 17 0 200 200 25 25 818 4.6 4.7 0 0 0 0 0 207.9 208 259.5 260 0.2 13.3 13.3 0 0 0 0 0 591.9 592 739.5 740 0 0 80.2 80 81.6 80 64.1 
196992416263470 100 100 1496 1500 200 22 0 200 200 25 25 821 4.7 4.7 0 0 0 0 0 207.9 208 259.5 260 0.2 13.3 13.3 0 0 0 0 0 591.9 592 739.5 740 0 0 80.2 80 81.6 80 64.1 
196992416263480 100 100 1496 1500 200 22 0 200 200 25 25 817 4.6 4.7 0 0 0 0 0 207.9 208 259.5 260 0 13.2 13.3 0 0 0 0 0 591.9 592 739.9 740 0 0 80.2 80 81.6 80 64.1 
196992416263490 100 100 1499 1500 200 6 0 200 200 25 25 824 4.6 4.7 0 0 0 0 0 207.9 208 259.1 260 0.2 13.3 13.3 0 0 0 0 0 591.9 592 739.5 740 0 0 80.2 80 81.6 80 64.1 
196992416263500 100 100 1499 1500 200 4 0 200 200 25 25 821 4.6 4.7 0 0 0 0 0 207.9 208 259.5 260 0.2 13.3 13.3 0 0 0 0 0 591.9 592 739.5 740 0 0 80.2 80 81.6 80 64.1 
196992416263510 100 100 1497 1500 200 19 0 200 200 25 25 823 4.7 4.7 0 0 0 0 0 207.9 208 259.5 260 0.2 13.2 13.3 0 0 0 0 0 592.2 592 739.5 740 0 0 80.2 80 81.6 80 64.1 
196992416263520 100 100 1497 1500 200 26 0 200 200 25 25 816 4.6 4.7 0 0 0 0 0 207.9 208 259.5 260 0 13.2 13.3 0 0 0 0 0 591.9 592 739.5 740 0 0 80.2 80 81.6 80 64.1 
196992416263530 100 100 1497 1500 200 25 0 200 200 25 25 824 4.6 4.7 0 0 0 0 0 207.9 208 259.5 260 0.2 13.3 13.3 0 0 0 0 0 591.9 592 739.5 740 0 0 80.2 80 81.6 80 64.1 
196992416263540 100 100 1496 1500 200 17 0 200 200 25 25 817 4.6 4.7 0 0 0 0 0 207.9 208 260 260 0.2 13.3 13.3 0 0 0 0 0 591.6 592 739.5 740 0 0 80.2 80 81.6 80 64.2 
196992416263550 100 100 1497 1500 200 22 0 200 200 25 25 820 4.6 4.7 0 0 0 0 0 207.9 208 260 260 0 13.3 13.3 0 0 0 0 0 591.6 592 739.5 740 0 0 80.2 80 81.6 80 64.2 
196992416263560 100 100 1495 1500 200 30 0 200 200 25 25 815 4.6 4.7 0 0 0 0 0 208 208 259.5 260 0.2 13.3 13.3 0 0 0 0 0 592.2 592 739.5 740 0 0 80.2 80 81.8 80 64.2 
196992416263570 100.1 100 1499 1500 200 17 0 200 200 25 25 820 4.6 4.7 0 0 0 0 0 207.9 208 260 260 0.2 13.3 13.3 0 0 0 0 0 591.6 592 739.1 740 0 0 80.2 80 81.8 80 64.2 
196992416263580 100.1 100 1498 1500 200 14 0 200 200 25 25 814 4.6 4.7 0 0 0 0 0 207.9 208 259.5 260 0 13.3 13.3 0 0 0 0 0 591.9 592 739.5 740 0 0 80.2 80 81.8 80 64.2 
196992416263590 100.1 100 1496 1500 200 19 0 200 200 25 25 819 4.6 4.7 0 0 0 0 0 207.9 208 259.5 260 0.2 13.3 13.3 0 0 0 0 0 591.9 592 739.5 740 0 0 80.2 80 81.8 80 64.2 
196992416263600 100.1 100 1496 1500 200 26 0 200 200 25 25 820 4.6 4.7 0 0 0 0 0 207.9 208 259.1 260 0.2 13.2 13.3 0 0 0 0 0 591.9 592 740.4 740 0 0 80.2 80 81.8 80 64.2 
196992416263610 100.1 100 1497 1500 200 15 0 200 200 25 25 818 4.6 4.7 0 0 0 0 0 207.9 208 259.1 260 0.2 13.2 13.3 0 0 0 0 0 591.9 592 739.5 740 0 0 80.2 80 81.8 80 64.2 
196992416263620 100 100 1496 1500 200 28 0 200 200 25 25 821 4.6 4.7 0 0 0 0 0 208 208 259.1 260 0.2 13.3 13.3 0 0 0 0 0 591.9 592 739.5 740 0 0 80.2 80 81.8 80 64.2 
196992416263630 100 100 1498 1500 200 27 0 200 200 25 25 817 4.6 4.7 0 0 0 0 0 207.9 208 259.5 260 0 13.3 13.3 0 0 0 0 0 591.9 592 739.5 740 0 0 80.2 80 81.8 80 64.2 
196992416263640 100 100 1497 1500 200 21 0 200 200 25 25 817 4.6 4.7 0 0 0 0 0 208 208 259.1 260 0.2 13.3 13.3 0 0 0 0 0 591.9 592 739.5 740 0 0 80.2 80 81.8 80 64.1 
196992416263650 100 100 1497 1500 200 21 0 200 200 25 25 817 4.6 4.7 0 0 0 0 0 208 208 259.1 260 0.2 13.3 13.3 0 0 0 0 0 591.9 592 739.5 740 0 0 80.2 80 81.8 80 64.1 
196992416263660 100 100 1496 1500 200 27 0 200 200 25 25 819 4.6 4.7 0 0 0 0 0 207.9 208 259.5 260 0.2 13.3 13.3 0 0 0 0 0 592.2 592 739.5 740 0 0 80.2 80 81.8 80 64.1 
196992416263670 100 100 1498 1500 200 10 0 200 200 25 25 817 4.6 4.7 0 0 0 0 0 208 208 259.1 260 0.2 13.3 13.3 0 0 0 0 0 591.9 592 739.5 740 0 0 80.2 80 82 80 64.1 
196992416263680 100 100 1498 1500 200 22 0 200 200 25 25 823 4.6 4.7 0 0 0 0 0 207.9 208 259.5 260 0.2 13.3 13.3 0 0 0 0 0 591.9 592 739.1 740 0 0 80.2 80 82 80 64.1 
196992416263690 100 100 1497 1500 200 22 0 200 200 25 25 816 4.6 4.7 0 0 0 0 0 207.9 208 259.5 260 0.2 13.3 13.3 0 0 0 0 0 591.9 592 739.5 740 0 0 80.2 80 82 80 64.1 
196992416263700 100 100 1498 1500 200 26 0 200 200 25 25 815 4.6 4.7 0 0 0 0 0 208 208 259.1 260 0.2 13.3 13.3 0 0 0 0 0 591.9 592 739.5 740 0 0 80.2 80 82 80 64.1 
196992416263710 100 100 1497 1500 200 22 0 200 200 25 25 817 4.6 4.7 0 0 0 0 0 207.9 208 260 260 0.2 13.2 13.3 0 0 0 0 0 591.9 592 739.5 740 0 0 80.2 80 82 80 64.1 
196992416263720 100 100 1498 1500 200 10 0 200 200 25 25 821 4.7 4.7 0 0 0 0 0 207.9 208 259.5 260 0.2 13.3 13.3 0 0 0 0 0 591.9 592 739.5 740 0 0 80.2 80 82 80 64.1 
196992416263730 100 100 1498 1500 200 18 0 200 200 25 25 820 4.6 4.7 0 0 0 0 0 207.9 208 260 260 0.2 13.3 13.3 0 0 0 0 0 591.9 592 739.5 740 0 0 80.2 80 82 80 64.1 
196992416263740 100 100 1497 1500 200 9 0 200 200 25 25 816 4.6 4.7 0 0 0 0 0 207.9 208 259.5 260 0.2 13.3 13.3 0 0 0 0 0 591.6 592 739.5 740 0 0 80.2 80 82 80 64.1 
196992416263750 100 100 1496 1500 200 22 0 200 200 25 25 817 4.6 4.7 0 0 0 0 0 207.9 208 259.5 260 0.2 13.3 13.3 0 0 0 0 0 591.9 592 739.5 740 0 0 80.2 80 82 80 64.1 
196992416263760 100 100 1495 1500 200 21 0 200 200 25 25 820 4.6 4.7 0 0 0 0 0 207.9 208 260 260 0.2 13.3 13.3 0 0 0 0 0 591.6 592 739.5 740 0 0 80.2 80 82 80 64.1 
196992416263770 100.1 100 1496 1500 200 16 0 200 200 25 25 815 4.6 4.7 0 0 0 0 0 207.9 208 259.1 260 0.2 13.3 13.3 0 0 0 0 0 591.6 592 739.5 740 0 0 80.2 80 82 80 64.1 
196992416263780 100.1 100 1498 1500 200 22 0 200 200 25 25 819 4.7 4.7 0 0 0 0 0 207.9 208 259.5 260 0.2 13.3 13.3 0 0 0 0 0 591.9 592 739.5 740 0 0 80.2 80 82 80 64.1 
196992416263790 100.1 100 1499 1500 200 15 0 200 200 25 25 813 4.6 4.7 0 0 0 0 0 207.9 208 259.5 260 0.2 13.3 13.3 0 0 0 0 0 592.2 592 739.5 740 0 0 80.2 80 82.1 80 64.1 
196992416263800 100.1 100 1499 1500 199 21 0 200 200 25 25 816 4.6 4.7 0 0 0 0 0 207.9 208 259.5 260 0.2 13.3 13.3 0 0 0 0 0 591.9 592 739.5 740 0 0 80.2 80 82.1 80 64.1 
196992416263810 100.1 100 1496 1500 200 24 0 200 200 25 25 817 4.6 4.7 0 0 0 0 0 207.9 208 259.5 260 0.2 13.3 13.3 0 0 0 0 0 591.9 592 739.9 740 0 0 80.2 80 82.1 80 64.1 
196992416263820 100 100 1497 1500 200 17 0 200 200 25 25 824 4.6 4.7 0 0 0 0 0 207.9 208 260 260 0 13.3 13.3 0 0 0 0 0 591.9 592 739.5 740 0 0 80.2 80 82.1 80 64.1 
196992416263830 100 100 1498 1500 200 20 0 200 200 25 25 816 4.7 4.7 0 0 0 0 0 207.9 208 259.5 260 0.2 13.2 13.3 0 0 0 0 0 591.9 592 739.5 740 0 0 80.2 80 82.1 80 64.1 
196992416263840 100 100 1497 1500 200 13 0 200 200 25 25 818 4.6 4.7 0 0 0 0 0 207.9 208 259.1 260 0.2 13.3 13.3 0 0 0 0 0 591.9 592 739.5 740 0 0 80.2 80 82.1 80 64.4 
196992416263850 100 100 1496 1500 200 20 0 200 200 25 25 818 4.6 4.7 0 0 0 0 0 207.9 208 259.5 260 0.2 13.2 13.3 0 0 0 0 0 591.9 592 739.5 740 0 0 80.2 80 82.1 80 64.4 
196992416263860 100 100 1496 1500 200 25 0 200 200 25 25 813 4.6 4.7 0 0 0 0 0 207.9 208 259.1 260 0 13.3 13.3 0 0 0 0 0 591.9 592 739.5 740 0 0 80.2 80 82.1 80 64.4 
196992416263870 100 100 1497 1500 200 30 0 200 200 25 25 812 4.7 4.7 0 0 0 0 0 207.9 208 259.1 260 0.2 13.3 13.3 0 0 0 0 0 591.9 592 739.5 740 0 0 80.2 80 82.1 80 64.4 
196992416263880 100 100 1499 1500 200 21 0 200 200 25 25 812 4.6 4.7 0 0 0 0 0 207.9 208 259.5 260 0.2 13.3 13.3 0 0 0 0 0 591.9 592 739.5 740 0 0 80.2 80 82.1 80 64.4 
196992416263890 100 100 1496 1500 200 20 0 200 200 25 25 813 4.6 4.7 0 0 0 0 0 207.9 208 260 260 0.2 13.2 13.3 0 0 0 0 0 591.9 592 739.5 740 0 0 80.2 80 82.1 80 64.4 
196992416263900 100 100 1499 1500 200 29 0 200 200 25 25 817 4.7 4.7 0 0 0 0 0 207.9 208 259.1 260 0.2 13.3 13.3 0 0 0 0 0 591.9 592 739.5 740 0 0 80.2 80 82.2 80 64.4 
196992416263910 100 100 1496 1500 200 26 0 200 200 25 25 820 4.6 4.7 0 0 0 0 0 207.9 208 259.5 260 0.2 13.2 13.3 0 0 0 0 0 592.2 592 739.1 740 0 0 80.2 80 82.2 80 64.4 
196992416263920 100 100 1497 1500 200 15 0 200 200 25 25 813 4.6 4.7 0 0 0 0 0 207.9 208 259.1 260 0.2 13.2 13.3 0 0 0 0 0 592.2 592 739.5 740 0 0 80.2 80 82.2 80 64.4 
196992416263930 100 100 1498 1500 200 14 0 200 200 25 25 813 4.6 4.7 0 0 0 0 0 208 208 260 260 0.2 13.2 13.3 0 0 0 0 0 591.6 592 739.1 740 0 0 80.2 80 82.2 80 64.4 
196992416263940 100 100 1496 1500 200 18 0 200 200 25 25 814 4.6 4.7 0 0 0 0 0 207.9 208 259.5 260 0.2 13.3 13.3 0 0 0 0 0 591.9 592 739.5 740 0 0 80.2 80 82.2 80 63.9 
196992416263950 100 100 1496 1500 200 23 0 200 200 25 25 815 4.6 4.7 0 0 0 0 0 207.9 208 259.5 260 0.2 13.3 13.3 0 0 0 0 0 591.9 592 739.5 740 0 0 80.2 80 82.2 80 63.9 
196992416263960 100 100 1498 1500 200 20 0 200 200 25 25 814 4.6 4.7 0 0 0 0 0 207.9 208 259.5 260 0.2 13.3 13.3 0 0 0 0 0 591.9 592 739.5 740 0 0 80.2 80 82.2 80 63.9 
196992416263970 99.9 100 1497 1500 201 22 0 200 200 25 25 814 4.6 4.7 0 0 0 0 0 207.9 208 259.5 260 0.2 13.3 13.3 0 0 0 0 0 591.9 592 739.5 740 0 0 80.2 80 82.2 80 63.9 
196992416263980 99.9 100 1497 1500 200 14 0 200 200 25 25 820 4.6 4.7 0 0 0 0 0 207.9 208 259.5 260 0.2 13.3 13.3 0 0 0 0 0 591.9 592 740.4 740 0 0 80.2 80 82.2 80 63.9 
196992416263990 99.9 100 1495 1500 200 12 0 200 200 25 25 818 4.6 4.7 0 0 0 0 0 207.9 208 260 260 0.2 13.2 13.3 0 0 0 0 0 591.9 592 739.1 740 0 0 80.2 80 82.2 80 63.9 
196992416264000 99.9 100 1499 1500 200 25 0 200 200 25 25 820 4.6 4.7 0 0 0 0 0 207.9 208 259.5 260 0.2 13.3 13.3 0 0 0 0 0 591.9 592 739.5 740 0 0 80.2 80 82.2 80 63.9 
196992416264010 99.9 100 1497 1500 200 25 0 200 200 25 25 813 4.6 4.7 0 0 0 0 0 207.9 208 259.5 260 0.2 13.3 13.3 0 0 0 0 0 591.6 592 739.1 740 0 0 80.2 80 82.2 80 63.9 
196992416264020 100.1 100 1495 1500 200 16 0 200 200 25 25 819 4.7 4.7 0 0 0 0 0 207.9 208 259.5 260 0.2 13.3 13.3 0 0 0 0 0 591.9 592 739.9 740 0 0 80.2 80 82.3 80 63.9 
196992416264030 100.1 100 1498 1500 200 18 0 200 200 25 25 817 4.7 4.7 0 0 0 0 0 207.9 208 259.5 260 0.2 13.3 13.3 0 0 0 0 0 591.9 592 739.5 740 0 0 80.2 80 82.3 80 63.9 
196992416264040 100.1 100 1497 1500 200 25 0 200 200 25 25 819 4.6 4.7 0 0 0 0 0 207.9 208 259.5 260 0.2 13.3 13.3 0 0 0 0 0 592.2 592 739.5 740 0 0 80.2 80 82.3 80 63.9 
196992416264050 100.1 100 1498 1500 200 24 0 200 200 25 25 813 4.6 4.7 0 0 0 0 0 208 208 259.5 260 0.2 13.3 13.3 0 0 0 0 0 591.6 592 739.5 740 0 0 80.2 80 82.3 80 63.9 
196992416264060 100.1 100 1497 1500 200 25 0 200 200 25 25 819 4.6 4.7 0 0 0 0 0 207.9 208 259.5 260 0.2 13.3 13.3 0 0 0 0 0 591.9 592 739.9 740 0 0 80.2 80 82.3 80 63.9 
196992416264070 100 100 1495 1500 200 25 0 200 200 25 25 816 4.6 4.7 0 0 0 0 0 207.9 208 259.1 260 0.2 13.3 13.3 0 0 0 0 0 591.9 592 739.5 740 0 0 80.2 80 82.3 80 63.9 
196992416264080 100 100 1497 1500 200 31 0 200 200 25 25 813 4.6 4.7 0 0 0 0 0 207.9 208 259.5 260 0.2 13.3 13.3 0 0 0 0 0 592.2 592 739.5 740 0 0 80.2 80 82.3 80 63.9 
196992416264090 100 100 1495 1500 200 33 0 200 200 25 25 812 4.6 4.7 0 0 0 0 0 207.9 208 259.5 260 0.2 13.3 13.3 0 0 0 0 0 591.9 592 739.1 740 0 0 80.2 80 82.3 80 63.9 
196992416264100 100 100 1496 1500 200 37 0 200 200 25 25 813 4.6 4.7 0 0 0 0 0 207.9 208 259.1 260 0.2 13.3 13.3 0 0 0 0 0 591.9 592 739.5 740 0 0 80.2 80 82.3 80 63.9 
196992416264110 100 100 1496 1500 200 32 0 200 200 25 25 815 4.6 4.7 0 0 0 0 0 207.9 208 259.5 260 0.2 13.3 13.3 0 0 0 0 0 591.9 592 739.5 740 0 0 80.2 80 82.3 80 63.9 
196992416264120 100 100 1497 1500 200 15 0 200 200 25 25 815 4.6 4.7 0 0 0 0 0 207.9 208 259.1 260 0.2 13.3 13.3 0 0 0 0 0 591.9 592 739.9 740 0 0 80.2 80 82.3 80 63.9 
196992416264130 100 100 1498 1500 200 8 0 200 200 25 25 817 4.6 4.7 0 0 0 0 0 207.9 208 260 260 0.2 13.3 13.3 0 0 0 0 0 591.9 592 739.5 740 0 0 80.2 80 82.3 80 63.9 
196992416264140 100 100 1495 1500 200 28 0 200 200 25 25 818 4.6 4.7 0 0 0 0 0 207.9 208 259.5 260 0.2 13.3 13.3 0 0 0 0 0 591.9 592 739.1 740 0 0 80.2 80 82.3 80 64.2 
196992416264150 100 100 1498 1500 200 19 0 200 200 25 25 819 4.6 4.7 0 0 0 0 0 207.9 208 259.1 260 0.2 13.3 13.3 0 0 0 0 0 591.9 592 739.5 740 0 0 80.2 80 82.3 80 64.2 
196992416264160 100 100 1495 1500 200 23 0 200 200 25 25 814 4.6 4.7 0 0 0 0 0 207.9 208 259.5 260 0.2 13.3 13.3 0 0 0 0 0 591.9 592 739.5 740 0 0 80.2 80 82.3 80 64.2 
196992416264170 100 100 1496 1500 200 17 0 200 200 25 25 820 4.6 4.7 0 0 0 0 0 208 208 259.5 260 0.2 13.3 13.3 0 0 0 0 0 591.9 592 739.9 740 0 0 80.2 80 82.3 80 64.2 
196992416264180 100 100 1497 1500 200 14 0 200 200 25 25 817 4.6 4.7 0 0 0 0 0 207.9 208 259.5 260 0.2 13.2 13.3 0 0 0 0 0 591.9 592 739.5 740 0 0 80.2 80 82.3 80 64.2 
196992416264190 100 100 1497 1500 200 21 0 200 200 25 25 821 4.6 4.7 0 0 0 0 0 207.9 208 260 260 0.2 13.3 13.3 0 0 0 0 0 591.9 592 739.1 740 0 0 80.2 80 82.3 80 64.2 
196992416264200 100 100 1497 1500 200 21 0 200 200 25 25 818 4.6 4.7 0 0 0 0 0 207.9 208 259.5 260 0.2 13.3 13.3 0 0 0 0 0 591.6 592 739.1 740 0 0 80.2 80 82.3 80 64.2 
196992416264210 100 100 1499 1500 200 27 0 200 200 25 25 815 4.6 4.7 0 0 0 0 0 207.9 208 259.5 260 0.2 13.3 13.3 0 0 0 0 0 591.9 592 739.5 740 0 0 80.2 80 82.3 80 64.2 
196992416264220 100.1 100 1498 1500 200 2 0 200 200 25 25 818 4.7 4.7 0 0 0 0 0 208 208 259.5 260 0.2 13.3 13.3 0 0 0 0 0 591.9 592 739.5 740 0 0 80.2 80 82.3 80 64.2 
196992416264230 100.1 100 1497 1500 200 4 0 200 200 25 25 819 4.6 4.7 0 0 0 0 0 207.9 208 259.5 260 0.2 13.3 13.3 0 0 0 0 0 591.9 592 739.5 740 0 0 80.2 80 82.3 80 64.2 
196992416264240 100.1 100 1494 1500 200 5 0 200 200 25 25 819 4.6 4.7 0 0 0 0 0 207.9 208 259.5 260 0 13.3 13.3 0 0 0 0 0 591.6 592 739.5 740 0 0 80.2 80 82.3 80 64 
196992416264250 100.1 100 1496 1500 200 25 0 200 200 25 25 820 4.7 4.7 0 0 0 0 0 207.9 208 259.1 260 0 13.2 13.3 0 0 0 0 0 591.9 592 739.5 740 0 0 80.2 80 82.4 80 64 
196992416264260 100.1 100 1497 1500 200 20 0 200 200 25 25 818 4.6 4.7 0 0 0 0 0 207.9 208 259.5 260 0.2 13.2 13.3 0 0 0 0 0 592.2 592 739.1 740 0 0 80.2 80 82.4 80 64 
196992416264270 100 100 1496 1500 200 14 0 200 200 25 25 819 4.6 4.7 0 0 0 0 0 207.9 208 259.5 260 0.2 13.3 13.3 0 0 0 0 0 591.9 592 739.5 740 0 0 80.2 80 82.4 80 64 
196992416264280 100 100 1500 1500 200 22 0 200 200 25 25 815 4.6 4.7 0 0 0 0 0 208 208 259.1 260 0.2 13.3 13.3 0 0 0 0 0 591.9 592 739.5 740 0 0 80.2 80 82.4 80 64 
196992416264290 100 100 1497 1500 200 20 0 200 200 25 25 813 4.6 4.7 0 0 0 0 0 207.9 208 259.5 260 0 13.3 13.3 0 0 0 0 0 591.9 592 739.5 740 0 0 80.2 80 82.4 80 64 
196992416264300 100 100 1496 1500 200 20 0 200 200 25 25 814 4.6 4.7 0 0 0 0 0 207.9 208 259.5 260 0.2 13.3 13.3 0 0 0 0 0 591.6 592 739.9 740 0 0 80.2 80 82.4 80 64 
196992416264310 100 100 1499 1500 200 13 0 200 200 25 25 815 4.7 4.7 0 0 0 0 0 207.9 208 260 260 0.2 13.3 13.3 0 0 0 0 0 591.9 592 739.5 740 0 0 80.2 80 82.4 80 64 
196992416264320 100 100 1496 1500 200 25 0 200 200 25 25 815 4.6 4.7 0 0 0 0 0 207.9 208 259.1 260 0.2 13.3 13.3 0 0 0 0 0 591.9 592 739.5 740 0 0 80.2 80 82.4 80 64 
196992416264330 100 100 1496 1500 200 31 0 200 200 25 25 818 4.7 4.7 0 0 0 0 0 207.9 208 260 260 0.2 13.3 13.3 0 0 0 0 0 591.6 592 739.5 740 0 0 80.2 80 82.4 80 64 
196992416264340 100 100 1498 1500 200 29 0 200 200 25 25 819 4.6 4.7 0 0 0 0 0 207.9 208 259.1 260 0.2 13.2 13.3 0 0 0 0 0 591.9 592 739.9 740 0 0 80.2 80 82.4 80 64 
196992416264350 100 100 1495 1500 200 27 0 200 200 25 25 814 4.6 4.7 0 0 0 0 0 207.9 208 259.5 260 0.2 13.3 13.3 0 0 0 0 0 592.2 592 739.5 740 0 0 80.2 80 82.4 80 64 
196992416264360 100 100 1496 1500 200 19 0 200 200 25 25 810 4.6 4.7 0 0 0 0 0 207.9 208 259.1 260 0.2 13.3 13.3 0 0 0 0 0 591.9 592 739.5 740 0 0 80.2 80 82.4 80 64 
196992416264370 100 100 1497 1500 200 26 0 200 200 25 25 814 4.6 4.7 0 0 0 0 0 207.9 208 260 260 0.2 13.3 13.3 0 0 0 0 0 591.9 592 739.9 740 0 0 80.2 80 82.4 80 64 
196992416264380 100 100 1497 1500 201 19 0 200 200 25 25 812 4.6 4.7 0 0 0 0 0 207.9 208 259.5 260 0.2 13.3 13.3 0 0 0 0 0 591.9 592 739.5 740 0 0 80.2 80 82.4 80 64 
196992416264390 100 100 1495 1500 200 9 0 200 200 25 25 816 4.6 4.7 0 0 0 0 0 208 208 259.5 260 0.2 13.3 13.3 0 0 0 0 0 591.9 592 739.5 740 0 0 80.2 80 82.4 80 64 
196992416264400 100 100 1497 1500 201 22 0 200 200 25 25 818 4.6 4.7 0 0 0 0 0 207.9 208 259.5 260 0.2 13.2 13.3 0 0 0 0 0 592.2 592 739.5 740 0 0 80.2 80 82.4 80 64 
196992416264410 100 100 1497 1500 200 28 0 200 200 25 25 815 4.6 4.7 0 0 0 0 0 207.9 208 259.5 260 0.2 13.3 13.3 0 0 0 0 0 591.9 592 739.5 740 0 0 80.2 80 82.4 80 64 
196992416264420 100 100 1496 1500 200 26 0 200 200 25 25 815 4.6 4.7 0 0 0 0 0 207.9 208 259.5 260 0.2 13.3 13.3 0 0 0 0 0 591.9 592 739.1 740 0 0 80.2 80 82.4 80 64 
196992416264430 100 100 1497 1500 200 7 0 200 200 25 25 817 4.6 4.7 0 0 0 0 0 207.9 208 260 260 0.2 13.3 13.3 0 0 0 0 0 591.9 592 739.9 740 0 0 80.2 80 82.4 80 64 
196992416264440 100 100 1497 1500 201 18 0 200 200 25 25 815 4.7 4.7 0 0 0 0 0 208 208 259.5 260 0.2 13.2 13.3 0 0 0 0 0 591.9 592 739.5 740 0 0 80.2 80 82.4 80 63.9 
196992416264450 100 100 1495 1500 200 15 0 200 200 25 25 815 4.6 4.7 0 0 0 0 0 208 208 259.5 260 0.2 13.3 13.3 0 0 0 0 0 591.9 592 739.5 740 0 0 80.2 80 82.4 80 63.9 
196992416264460 100 100 1496 1500 200 19 0 200 200 25 25 816 4.7 4.7 0 0 0 0 0 207.9 208 260 260 0.2 13.3 13.3 0 0 0 0 0 591.9 592 739.9 740 0 0 80.2 80 82.4 80 63.9 
196992416264470 100 100 1495 1500 200 27 0 200 200 25 25 819 4.6 4.7 0 0 0 0 0 207.9 208 259.5 260 0.2 13.3 13.3 0 0 0 0 0 591.9 592 739.5 740 0 0 80.2 80 82.4 80 63.9 
196992416264480 100 100 1496 1500 200 18 0 200 200 25 25 813 4.6 4.7 0 0 0 0 0 207.9 208 259.5 260 0.2 13.3 13.3 0 0 0 0 0 591.9 592 739.5 740 0 0 80.2 80 82.4 80 63.9 
196992416264490 100 100 1498 1500 200 21 0 200 200 25 25 816 4.6 4.7 0 0 0 0 0 207.9 208 259.5 260 0.2 13.3 13.3 0 0 0 0 0 591.6 592 739.1 740 0 0 80.2 80 82.4 80 63.9 
196992416264500 100 100 1496 1500 200 23 0 200 200 25 25 815 4.6 4.7 0 0 0 0 0 207.9 208 259.5 260 0 13.3 13.3 0 0 0 0 0 591.9 592 739.5 740 0 0 80.2 80 82.4 80 63.9 
196992416264510 100 100 1497 1500 200 12 0 200 200 25 25 812 4.6 4.7 0 0 0 0 0 207.9 208 259.5 260 0.2 13.3 13.3 0 0 0 0 0 591.9 592 739.5 740 0 0 80.2 80 82.4 80 63.9 
196992416264520 100.1 100 1497 1500 200 30 0 200 200 25 25 812 4.6 4.7 0 0 0 0 0 207.9 208 259.5 260 0.2 13.3 13.3 0 0 0 0 0 591.9 592 739.5 740 0 0 80.2 80 82.4 80 63.9 
196992416264530 100.1 100 1496 1500 200 15 0 200 200 25 25 819 4.6 4.7 0 0 0 0 0 207.9 208 259.5 260 0.2 13.3 13.3 0 0 0 0 0 591.9 592 739.5 740 0 0 80.2 80 82.4 80 63.9 
196992416264540 100.1 100 1498 1500 200 13 0 200 200 25 25 816 4.6 4.7 0 0 0 0 0 207.9 208 259.5 260 0 13.3 13.3 0 0 0 0 0 591.9 592 739.5 740 0 0 80.2 80 82.4 80 63.9 
196992416264550 100.1 100 1496 1500 200 25 0 200 200 25 25 816 4.7 4.7 0 0 0 0 0 207.9 208 259.1 260 0.2 13.2 13.3 0 0 0 0 0 591.9 592 739.5 740 0 0 80.2 80 82.4 80 63.9 
196992416264560 100.1 100 1495 1500 200 23 0 200 200 25 25 817 4.6 4.7 0 0 0 0 0 207.9 208 259.1 260 0.2 13.3 13.3 0 0 0 0 0 591.9 592 739.5 740 0 0 80.2 80 82.4 80 63.9 
196992416264570 99.9 100 1497 1500 200 23 0 200 200 25 25 813 4.6 4.7 0 0 0 0 0 207.9 208 259.5 260 0.2 13.3 13.3 0 0 0 0 0 591.9 592 739.9 740 0 0 80.2 80 82.4 80 63.9 
196992416264580 99.9 100 1496 1500 200 17 0 200 200 25 25 817 4.6 4.7 0 0 0 0 0 207.9 208 259.5 260 0 13.3 13.3 0 0 0 0 0 592.2 592 739.9 740 0 0 80.2 80 82.4 80 63.9 
196992416264590 99.9 100 1497 1500 200 2 0 200 200 25 25 822 4.6 4.7 0 0 0 0 0 207.9 208 259.5 260 0.2 13.3 13.3 0 0 0 0 0 591.9 592 739.5 740 0 0 80.2 80 82.4 80 63.9 
196992416264600 99.9 100 1495 1500 200 2 0 200 200 25 25 819 4.6 4.7 0 0 0 0 0 207.9 208 260 260 0.2 13.3 13.3 0 0 0 0 0 591.9 592 739.9 740 0 0 80.2 80 82.4 80 63.9 
196992416264610 99.9 100 1495 1500 200 35 0 200 200 25 25 820 4.6 4.7 0 0 0 0 0 207.9 208 260 260 0 13.3 13.3 0 0 0 0 0 591.9 592 739.1 740 0 0 80.2 80 82.4 80 63.9 
196992416264620 99.9 100 1497 1500 200 62 0 200 200 25 25 816 4.6 4.7 0 0 0 0 0 207.9 208 259.5 260 0.2 13.3 13.3 0 0 0 0 0 591.9 592 739.9 740 0 0 80.2 80 82.4 80 63.9 
196992416264630 99.9 100 1497 1500 200 53 0 200 200 25 25 816 4.7 4.7 0 0 0 0 0 207.9 208 259.5 260 0.2 13.3 13.3 0 0 0 0 0 591.6 592 739.5 740 0 0 80.2 80 82.4 80 63.9 
196992416264640 99.9 100 1498 1500 200 42 0 200 200 25 25 817 4.6 4.7 0 0 0 0 0 207.9 208 259.1 260 0.2 13.2 13.3 0 0 0 0 0 591.9 592 739.5 740 0 0 80.2 80 82.4 80 64 
196992416264650 99.9 100 1497 1500 200 29 0 200 200 25 25 814 4.6 4.7 0 0 0 0 0 207.9 208 259.5 260 0.2 13.3 13.3 0 0 0 0 0 591.9 592 739.5 740 0 0 80.2 80 82.4 80 64 
196992416264660 99.9 100 1497 1500 200 26 0 200 200 25 25 820 4.6 4.7 0 0 0 0 0 207.9 208 259.1 260 0.2 13.3 13.3 0 0 0 0 0 591.9 592 739.9 740 0 0 80.2 80 82.4 80 64 
196992416264670 100 100 1496 1500 200 23 0 200 200 25 25 818 4.6 4.7 0 0 0 0 0 207.9 208 260 260 0 13.3 13.3 0 0 0 0 0 591.9 592 739.5 740 0 0 80.2 80 82.4 80 64 
196992416264680 100 100 1494 1500 200 19 0 200 200 25 25 817 4.6 4.7 0 0 0 0 0 207.9 208 259.5 260 0 13.2 13.3 0 0 0 0 0 591.9 592 739.5 740 0 0 80.2 80 82.4 80 64 
196992416264690 100 100 1494 1500 200 6 0 200 200 25 25 818 4.6 4.7 0 0 0 0 0 208 208 259.5 260 0.2 13.3 13.3 0 0 0 0 0 591.9 592 739.5 740 0 0 80.2 80 82.4 80 64 
196992416264700 100 100 1495 1500 200 19 0 200 200 25 25 813 4.6 4.7 0 0 0 0 0 207.9 208 259.5 260 0.2 13.3 13.3 0 0 0 0 0 591.6 592 739.5 740 0 0 80.2 80 82.4 80 64 
196992416264710 100 100 1495 1500 200 15 0 200 200 25 25 816 4.6 4.7 0 0 0 0 0 207.9 208 259.5 260 0.2 13.3 13.3 0 0 0 0 0 591.9 592 739.5 740 0 0 80.1 80 82.4 80 64 
196992416264720 100 100 1496 1500 200 16 0 200 200 25 25 814 4.6 4.7 0 0 0 0 0 207.9 208 259.5 260 0.2 13.2 13.3 0 0 0 0 0 591.9 592 739.1 740 0 0 80.1 80 82.4 80 64 
196992416264730 100 100 1495 1500 200 18 0 200 200 25 25 814 4.6 4.7 0 0 0 0 0 207.9 208 259.5 260 0.2 13.3 13.3 0 0 0 0 0 591.9 592 739.5 740 0 0 80.1 80 82.4 80 64 
196992416264740 100 100 1494 1500 200 17 0 200 200 25 25 816 4.6 4.7 0 0 0 0 0 207.9 208 259.5 260 0.2 13.3 13.3 0 0 0 0 0 591.9 592 739.9 740 0 0 80.1 80 82.4 80 63.9 
196992416264750 100 100 1497 1500 200 20 0 200 200 25 25 817 4.6 4.7 0 0 0 0 0 207.9 208 259.1 260 0.2 13.3 13.3 0 0 0 0 0 591.6 592 739.5 740 0 0 80.1 80 82.4 80 63.9 
196992416264760 100 100 1497 1500 200 32 0 200 200 25 25 817 4.6 4.7 0 0 0 0 0 207.9 208 259.5 260 0.2 13.2 13.3 0 0 0 0 0 591.9 592 739.5 740 0 0 80.1 80 82.4 80 63.9 
196992416264770 100 100 1497 1500 200 24 0 200 200 25 25 813 4.6 4.7 0 0 0 0 0 207.9 208 259.1 260 0.2 13.3 13.3 0 0 0 0 0 591.9 592 739.5 740 0 0 80.1 80 82.4 80 63.9 
196992416264780 100 100 1497 1500 200 20 0 200 200 25 25 814 4.6 4.7 0 0 0 0 0 207.9 208 260 260 0.2 13.3 13.3 0 0 0 0 0 591.9 592 739.5 740 0 0 80.1 80 82.4 80 63.9 
196992416264790 100 100 1496 1500 200 5 0 200 200 25 25 814 4.6 4.7 0 0 0 0 0 207.9 208 259.5 260 0.2 13.2 13.3 0 0 0 0 0 591.9 592 739.5 740 0 0 80.1 80 82.4 80 63.9 
196992416264800 100 100 1496 1500 200 10 0 200 200 25 25 817 4.6 4.7 0 0 0 0 0 207.9 208 260 260 0.2 13.3 13.3 0 0 0 0 0 591.9 592 739.5 740 0 0 80.1 80 82.4 80 63.9 
196992416264810 100 100 1495 1500 200 22 0 200 200 25 25 819 4.6 4.7 0 0 0 0 0 207.9 208 259.5 260 0.2 13.3 13.3 0 0 0 0 0 591.6 592 739.1 740 0 0 80.1 80 82.4 80 63.9 
196992416264820 99.9 100 1495 1500 200 24 0 200 200 25 25 813 4.6 4.7 0 0 0 0 0 207.9 208 259.5 260 0.2 13.3 13.3 0 0 0 0 0 591.9 592 739.5 740 0 0 80.2 80 82.4 80 63.9 
196992416264830 99.9 100 1497 1500 200 24 0 200 200 25 25 814 4.6 4.7 0 0 0 0 0 207.9 208 259.5 260 0.2 13.3 13.3 0 0 0 0 0 591.6 592 739.5 740 0 0 80.2 80 82.4 80 63.9 
196992416264840 99.9 100 1495 1500 200 17 0 200 200 25 25 813 4.6 4.7 0 0 0 0 0 208 208 259.5 260 0.2 13.3 13.3 0 0 0 0 0 591.9 592 739.5 740 0 0 80.2 80 82.4 80 64.1 
196992416264850 99.9 100 1495 1500 200 26 0 200 200 25 25 814 4.6 4.7 0 0 0 0 0 207.9 208 258.6 260 0.2 13.3 13.3 0 0 0 0 0 591.9 592 739.5 740 0 0 80.2 80 82.4 80 64.1 
196992416264860 99.9 100 1496 1500 200 14 0 200 200 25 25 820 4.6 4.7 0 0 0 0 0 207.9 208 259.1 260 0.2 13.3 13.3 0 0 0 0 0 591.9 592 739.5 740 0 0 80.2 80 82.4 80 64.1 
196992416264870 100 100 1497 1500 200 10 0 200 200 25 25 820 4.7 4.7 0 0 0 0 0 207.9 208 259.5 260 0.2 13.2 13.3 0 0 0 0 0 591.9 592 739.5 740 0 0 80.2 80 82.4 80 64.1 
196992416264880 100 100 1498 1500 200 23 0 200 200 25 25 819 4.6 4.7 0 0 0 0 0 207.9 208 259.5 260 0.2 13.3 13.3 0 0 0 0 0 591.9 592 739.5 740 0 0 80.2 80 82.4 80 64.1 
196992416264890 100 100 1498 1500 200 20 0 200 200 25 25 813 4.6 4.7 0 0 0 0 0 207.9 208 259.5 260 0.2 13.3 13.3 0 0 0 0 0 591.6 592 739.9 740 0 0 80.2 80 82.4 80 64.1 
196992416264900 100 100 1500 1500 200 15 0 200 200 25 25 816 4.6 4.7 0 0 0 0 0 207.9 208 260 260 0.2 13.3 13.3 0 0 0 0 0 591.9 592 739.9 740 0 0 80.2 80 82.4 80 64.1 
196992416264910 100 100 1497 1500 200 23 0 200 200 25 25 817 4.6 4.7 0 0 0 0 0 207.9 208 259.1 260 0.2 13.3 13.3 0 0 0 0 0 591.9 592 739.5 740 0 0 80.2 80 82.4 80 64.1 
196992416264920 100.1 100 1495 1500 200 22 0 200 200 25 25 818 4.6 4.7 0 0 0 0 0 207.9 208 259.5 260 0.2 13.3 13.3 0 0 0 0 0 591.9 592 739.5 740 0 0 80.2 80 82.4 80 64.1 
196992416264930 100.1 100 1497 1500 200 21 0 200 200 25 25 814 4.6 4.7 0 0 0 0 0 207.9 208 259.5 260 0.2 13.3 13.3 0 0 0 0 0 591.9 592 739.1 740 0 0 80.2 80 82.4 80 64.1 
196992416264940 100.1 100 1496 1500 200 38 0 200 200 25 25 815 4.6 4.7 0 0 0 0 0 207.9 208 260 260 0.2 13.3 13.3 0 0 0 0 0 591.6 592 739.5 740 0 0 80.1 80 82.4 80 64.1 
196992416264950 100.1 100 1498 1500 200 28 0 200 200 25 25 814 4.6 4.7 0 0 0 0 0 207.9 208 260 260 0.2 13.2 13.3 0 0 0 0 0 591.9 592 739.5 740 0 0 80.1 80 82.4 80 64.1 
196992416264960 100.1 100 1495 1500 200 23 0 200 200 25 25 813 4.6 4.7 0 0 0 0 0 207.9 208 259.5 260 0.2 13.3 13.3 0 0 0 0 0 591.9 592 739.9 740 0 0 80.1 80 82.4 80 64.1 
196992416264970 100 100 1497 1500 200 18 0 200 200 25 25 812 4.6 4.7 0 0 0 0 0 207.9 208 260 260 0.2 13.3 13.3 0 0 0 0 0 591.6 592 739.5 740 0 0 80.1 80 82.4 80 64.1 
196992416264980 100 100 1496 1500 200 30 0 200 200 25 25 813 4.6 4.7 0 0 0 0 0 207.9 208 260 260 0.2 13.3 13.3 0 0 0 0 0 591.9 592 739.1 740 0 0 80.1 80 82.4 80 64.1 
196992416264990 100 100 1496 1500 200 21 0 200 200 25 25 820 4.6 4.7 0 0 0 0 0 208 208 259.5 260 0.2 13.2 13.3 0 0 0 0 0 591.9 592 739.5 740 0 0 80.1 80 82.4 80 64.1 
196992416265000 100 100 1498 1500 200 19 0 200 200 25 25 814 4.6 4.7 0 0 0 0 0 207.9 208 260 260 0.2 13.3 13.3 0 0 0 0 0 591.9 592 739.5 740 0 0 80.1 80 82.4 80 64.1 
196992416265010 100 100 1495 1500 200 20 0 200 200 25 25 813 4.6 4.7 0 0 0 0 0 207.9 208 259.1 260 0.2 13.3 13.3 0 0 0 0 0 591.9 592 739.5 740 0 0 80.1 80 82.4 80 64.1 
196992416265020 100 100 1496 1500 200 26 0 200 200 25 25 813 4.6 4.7 0 0 0 0 0 207.9 208 259.5 260 0.2 13.3 13.3 0 0 0 0 0 591.9 592 739.5 740 0 0 80.1 80 82.4 80 64.1 
196992416265030 100 100 1496 1500 200 22 0 200 200 25 25 814 4.6 4.7 0 0 0 0 0 207.9 208 259.5 260 0.2 13.2 13.3 0 0 0 0 0 591.9 592 739.5 740 0 0 80.1 80 82.4 80 64.1 
196992416265040 100 100 1496 1500 200 21 0 200 200 25 25 813 4.6 4.7 0 0 0 0 0 207.9 208 259.5 260 0.2 13.3 13.3 0 0 0 0 0 591.9 592 739.9 740 0 0 80.1 80 82.4 80 63.9 
196992416265050 100 100 1498 1500 200 14 0 200 200 25 25 813 4.6 4.7 0 0 0 0 0 207.9 208 259.5 260 0.2 13.3 13.3 0 0 0 0 0 592.2 592 739.5 740 0 0 80.1 80 82.3 80 63.9 
196992416265060 100 100 1496 1500 200 23 0 200 200 25 25 815 4.6 4.7 0 0 0 0 0 207.9 208 259.5 260 0.2 13.3 13.3 0 0 0 0 0 591.6 592 739.5 740 0 0 80.1 80 82.3 80 63.9 
196992416265070 100 100 1498 1500 200 32 0 200 200 25 25 809 4.6 4.7 0 0 0 0 0 207.9 208 259.1 260 0.2 13.3 13.3 0 0 0 0 0 591.9 592 739.5 740 0 0 80.1 80 82.3 80 63.9 
196992416265080 100 100 1496 1500 200 29 0 200 200 25 25 816 4.6 4.7 0 0 0 0 0 207.9 208 259.5 260 0.2 13.2 13.3 0 0 0 0 0 592.2 592 739.5 740 0 0 80.1 80 82.3 80 63.9 
196992416265090 100 100 1497 1500 200 24 0 200 200 25 25 815 4.6 4.7 0 0 0 0 0 208 208 259.5 260 0.2 13.3 13.3 0 0 0 0 0 591.9 592 739.9 740 0 0 80.1 80 82.3 80 63.9 
196992416265100 100 100 1497 1500 200 27 0 200 200 25 25 814 4.6 4.7 0 0 0 0 0 207.9 208 259.5 260 0.2 13.3 13.3 0 0 0 0 0 591.6 592 739.9 740 0 0 80.1 80 82.3 80 63.9 
196992416265110 100 100 1498 1500 200 34 0 200 200 25 25 816 4.6 4.7 0 0 0 0 0 208 208 260 260 0.2 13.3 13.3 0 0 0 0 0 591.6 592 739.5 740 0 0 80.1 80 82.3 80 63.9 
196992416265120 100 100 1497 1500 201 24 0 200 200 25 25 814 4.6 4.7 0 0 0 0 0 207.9 208 259.5 260 0.2 13.3 13.3 0 0 0 0 0 591.9 592 739.1 740 0 0 80.1 80 82.3 80 63.9 
196992416265130 100 100 1499 1500 200 23 0 200 200 25 25 812 4.6 4.7 0 0 0 0 0 208 208 259.5 260 0.2 13.3 13.3 0 0 0 0 0 591.9 592 739.5 740 0 0 80.1 80 82.3 80 63.9 
196992416265140 100 100 1497 1500 200 20 0 200 200 25 25 810 4.6 4.7 0 0 0 0 0 207.9 208 259.5 260 0.2 13.2 13.3 0 0 0 0 0 591.9 592 739.5 740 0 0 80.1 80 82.3 80 64 
