date_time v002 v003 v004 v005 v012 v016 v017 v018 v019 v020 v021 v022 v029 v030 v035 v036 v037 v038 v044 v047 v048 v051 v052 v053 v061 v062 v063 v064 v070 v073 v074 v081 v082 v083 v084 v085 v086 v087 v088 v089 v090 v091 
196992416255870 102 100 1496 1500 0 126 0 0 200 0 50 0 2.4 2.5 0 0 0 0 0 183.9 184 229.2 230 0 8.5 8.5 0 0 0 0 0 615.9 616 769.8 770 0 0 80.5 80 82 80 64.3 
196992416255880 102 100 1500 1500 0 74 0 0 200 0 50 0 2.5 2.5 0 0 0 0 0 183.9 184 229.6 230 0 8.5 8.5 0 0 0 0 0 615.9 616 770.3 770 0 0 80.5 80 82 80 64.3 
196992416255890 102 100 1498 1500 156 35 601 200 200 50 50 291 2.4 2.5 0 0 0 0 0 183.9 184 229.6 230 0 8.4 8.5 0 0 0 0 0 616.2 616 769.4 770 0 0 80.5 80 82 80 64.3 
196992416255900 102 100 1497 1500 184 6 601 200 200 50 50 389 2.4 2.5 0 0 0 0 0 183.9 184 229.6 230 0.2 8.5 8.5 0 0 0 0 0 615.9 616 769.4 770 0 0 80.5 80 82 80 64.3 
196992416255910 102 100 1496 1500 200 1 366 200 200 50 50 597 2.4 2.5 0 0 0 0 0 183.9 184 230.1 230 0 8.5 8.5 0 0 0 0 0 615.6 616 769.8 770 0 0 80.5 80 82 80 64.3 
196992416255920 112.5 100 1495 1500 200 0 98 200 200 50 50 741 2.4 2.5 0 0 0 0 0 184 184 229.6 230 0 8.5 8.5 0 0 0 0 0 616.2 616 769.8 770 0 0 80.5 80 82 80 64.3 
196992416255930 112.5 100 1498 1500 200 3 2 200 200 50 50 804 2.5 2.5 0 0 0 0 0 183.9 184 229.6 230 0 8.5 8.5 0 0 0 0 0 616.2 616 769.8 770 0 0 80.5 80 82 80 64.3 
196992416255940 112.5 100 1498 1500 200 3 0 200 200 50 50 823 2.4 2.5 0 0 0 0 0 184 184 229.6 230 0 8.5 8.5 0 0 0 0 0 615.6 616 770.3 770 0 0 80.5 80 82 80 64.2 
196992416255950 112.5 100 1497 1500 201 9 0 200 200 50 50 823 2.4 2.5 0 0 0 0 0 183.9 184 229.6 230 0 8.5 8.5 0 0 0 0 0 616.2 616 769.8 770 0 0 80.5 80 82 80 64.2 
196992416255960 112.5 100 1497 1500 200 146 2 200 200 50 50 804 2.4 2.5 0 0 0 0 0 183.9 184 229.6 230 0 8.4 8.5 0 0 0 0 0 615.9 616 769.8 770 0 0 80.5 80 82 80 64.2 
196992416255970 105.2 100 1496 1500 200 267 1 200 200 50 50 757 2.4 2.5 0 0 0 0 0 184 184 229.6 230 0 8.4 8.5 0 0 0 0 0 616.2 616 770.3 770 0 0 80.6 80 82.2 80 64.2 
196992416255980 105.2 100 1495 1500 200 263 0 200 200 50 50 770 2.4 2.5 0 0 0 0 0 183.9 184 229.6 230 0 8.5 8.5 0 0 0 0 0 615.9 616 770.3 770 0 0 80.6 80 82.2 80 64.2 
196992416255990 105.2 100 1495 1500 202 210 3 200 200 50 50 729 2.4 2.5 0 0 0 0 0 183.9 184 229.6 230 0.2 8.4 8.5 0 0 0 0 0 615.9 616 769.8 770 0 0 80.6 80 82.2 80 64.2 
196992416256000 105.2 100 1494 1500 200 20 1 200 200 50 50 724 2.4 2.5 0 0 0 0 0 183.9 184 229.6 230 0 8.5 8.5 0 0 0 0 0 615.9 616 770.3 770 0 0 80.6 80 82.2 80 64.2 
196992416256010 105.2 100 1497 1500 201 2 1 200 200 50 50 728 2.4 2.5 0 0 0 0 0 183.9 184 230.1 230 0 8.5 8.5 0 0 0 0 0 615.9 616 769.8 770 0 0 80.6 80 82.2 80 64.2 
196992416256020 104.3 100 1496 1500 201 2 1 200 200 50 50 732 2.4 2.5 0 0 0 0 0 183.9 184 229.2 230 0 8.5 8.5 0 0 0 0 0 615.9 616 769.8 770 0 0 80.6 80 82.2 80 64.2 
196992416256030 104.3 100 1499 1500 201 79 0 200 200 50 50 729 2.4 2.5 0 0 0 0 0 184 184 229.6 230 0 8.5 8.5 0 0 0 0 0 616.2 616 769.8 770 0 0 80.6 80 82.2 80 64.2 
196992416256040 104.3 100 1495 1500 201 23 0 200 200 50 50 738 2.5 2.5 0 0 0 0 0 183.9 184 230.1 230 0 8.5 8.5 0 0 0 0 0 615.9 616 769.8 770 0 0 80.6 80 82.2 80 64.3 
196992416256050 104.3 100 1498 1500 201 37 0 200 200 50 50 742 2.4 2.5 0 0 0 0 0 183.9 184 229.6 230 0 8.5 8.5 0 0 0 0 0 615.6 616 769.8 770 0 0 80.6 80 82.2 80 64.3 
196992416256060 104.3 100 1498 1500 200 111 0 200 200 50 50 756 2.4 2.5 0 0 0 0 0 183.9 184 229.6 230 0 8.5 8.5 0 0 0 0 0 616.2 616 770.3 770 0 0 80.6 80 82.2 80 64.3 
196992416256070 102.3 100 1499 1500 202 61 0 200 200 50 50 767 2.4 2.5 0 0 0 0 0 183.9 184 230.1 230 0.2 8.4 8.5 0 0 0 0 0 615.6 616 769.8 770 0 0 80.6 80 82.2 80 64.3 
196992416256080 102.3 100 1497 1500 202 47 0 200 200 50 50 771 2.4 2.5 0 0 0 0 0 183.9 184 229.2 230 0 8.4 8.5 0 0 0 0 0 615.9 616 769.8 770 0 0 80.6 80 82.2 80 64.3 
196992416256090 102.3 100 1494 1500 202 20 0 200 200 50 50 768 2.4 2.5 0 0 0 0 0 184 184 230.1 230 0 8.5 8.5 0 0 0 0 0 615.9 616 769.8 770 0 0 80.6 80 82.2 80 64.3 
196992416256100 102.3 100 1496 1500 201 16 0 200 200 50 50 779 2.4 2.5 0 0 0 0 0 183.9 184 229.6 230 0.2 8.5 8.5 0 0 0 0 0 615.6 616 770.3 770 0 0 80.6 80 82.2 80 64.3 
196992416256110 102.3 100 1498 1500 201 15 0 200 200 50 50 782 2.4 2.5 0 0 0 0 0 183.9 184 230.1 230 0 8.5 8.5 0 0 0 0 0 615.9 616 769.8 770 0 0 80.6 80 82.2 80 64.3 
196992416256120 101.1 100 1498 1500 201 9 0 200 200 50 50 778 2.4 2.5 0 0 0 0 0 184 184 229.2 230 0 8.5 8.5 0 0 0 0 0 615.9 616 769.4 770 0 0 80.6 80 82.2 80 64.3 
196992416256130 101.1 100 1497 1500 200 10 0 200 200 50 50 786 2.5 2.5 0 0 0 0 0 184 184 230.1 230 0 8.4 8.5 0 0 0 0 0 615.6 616 769.8 770 0 0 80.6 80 82.2 80 64.3 
196992416256140 101.1 100 1496 1500 200 30 0 200 200 50 50 789 2.4 2.5 0 0 0 0 0 183.9 184 229.6 230 0 8.5 8.5 0 0 0 0 0 615.9 616 769.8 770 0 0 80.6 80 82.2 80 64.1 
196992416256150 101.1 100 1497 1500 200 30 0 200 200 50 50 779 2.4 2.5 0 0 0 0 0 183.9 184 229.6 230 0.2 8.5 8.5 0 0 0 0 0 615.9 616 769.8 770 0 0 80.6 80 82.2 80 64.1 
196992416256160 101.1 100 1497 1500 199 12 0 200 200 50 50 791 2.4 2.5 0 0 0 0 0 184 184 229.6 230 0 8.5 8.5 0 0 0 0 0 615.9 616 769.8 770 0 0 80.6 80 82.2 80 64.1 
196992416256170 100.5 100 1498 1500 199 1 0 200 200 50 50 793 2.4 2.5 0 0 0 0 0 183.9 184 229.6 230 0 8.5 8.5 0 0 0 0 0 615.9 616 770.3 770 0 0 80.6 80 82.2 80 64.1 
196992416256180 100.5 100 1499 1500 202 3 0 200 200 50 50 790 2.4 2.5 0 0 0 0 0 183.9 184 229.2 230 0.2 8.5 8.5 0 0 0 0 0 616.2 616 769.8 770 0 0 80.6 80 82.2 80 64.1 
196992416256190 100.5 100 1496 1500 201 3 0 200 200 50 50 802 2.5 2.5 0 0 0 0 0 183.9 184 229.6 230 0 8.4 8.5 0 0 0 0 0 615.6 616 769.8 770 0 0 80.6 80 82.2 80 64.1 
196992416256200 100.5 100 1495 1500 201 10 0 200 200 50 50 796 2.4 2.5 0 0 0 0 0 183.9 184 229.2 230 0 8.5 8.5 0 0 0 0 0 615.9 616 770.7 770 0 0 80.6 80 82.3 80 64.1 
196992416256210 100.5 100 1495 1500 201 34 0 200 200 50 50 801 2.5 2.5 0 0 0 0 0 184 184 229.2 230 0 8.5 8.5 0 0 0 0 0 616.2 616 769.8 770 0 0 80.6 80 82.3 80 64.1 
196992416256220 99.7 100 1497 1500 200 0 1 200 200 50 50 793 2.4 2.5 0 0 0 0 0 183.9 184 229.6 230 0.2 8.4 8.5 0 0 0 0 0 615.9 616 770.3 770 0 0 80.6 80 82.3 80 64.1 
196992416256230 99.7 100 1496 1500 200 2 0 200 200 50 50 804 2.4 2.5 0 0 0 0 0 183.9 184 229.6 230 0 8.5 8.5 0 0 0 0 0 615.9 616 769.8 770 0 0 80.6 80 82.3 80 64.1 
196992416256240 99.7 100 1496 1500 199 15 0 200 200 50 50 809 2.4 2.5 0 0 0 0 0 183.9 184 229.6 230 0 8.5 8.5 0 0 0 0 0 616.2 616 769.8 770 0 0 80.6 80 82.3 80 64.3 
196992416256250 99.7 100 1497 1500 199 33 0 200 200 50 50 816 2.4 2.5 0 0 0 0 0 184 184 229.6 230 0 8.5 8.5 0 0 0 0 0 615.9 616 769.4 770 0 0 80.6 80 82.3 80 64.3 
196992416256260 99.7 100 1497 1500 199 32 1 200 200 50 50 808 2.5 2.5 0 0 0 0 0 183.9 184 229.6 230 0 8.5 8.5 0 0 0 0 0 615.9 616 769.8 770 0 0 80.6 80 82.3 80 64.3 
196992416256270 99.7 100 1495 1500 199 0 0 200 200 50 50 812 2.5 2.5 0 0 0 0 0 183.9 184 229.6 230 0.2 8.5 8.5 0 0 0 0 0 615.9 616 770.3 770 0 0 80.6 80 82.3 80 64.3 
196992416256280 99.7 100 1496 1500 199 0 1 200 200 50 50 814 2.4 2.5 0 0 0 0 0 183.9 184 230.1 230 0 8.5 8.5 0 0 0 0 0 616.2 616 769.8 770 0 0 80.6 80 82.3 80 64.3 
196992416256290 99.7 100 1498 1500 199 5 1 200 200 50 50 815 2.4 2.5 0 0 0 0 0 183.9 184 230.1 230 0 8.5 8.5 0 0 0 0 0 615.9 616 769.8 770 0 0 80.6 80 82.3 80 64.3 
196992416256300 99.7 100 1498 1500 199 20 1 200 200 50 50 820 2.4 2.5 0 0 0 0 0 183.9 184 229.6 230 0 8.5 8.5 0 0 0 0 0 615.6 616 769.4 770 0 0 80.6 80 82.3 80 64.3 
196992416256310 99.7 100 1496 1500 199 18 1 200 200 50 50 821 2.4 2.5 0 0 0 0 0 184 184 229.2 230 0.2 8.5 8.5 0 0 0 0 0 616.2 616 769.8 770 0 0 80.6 80 82.3 80 64.3 
196992416256320 99.9 100 1496 1500 200 14 1 200 200 50 50 825 2.4 2.5 0 0 0 0 0 184 184 229.6 230 0 8.5 8.5 0 0 0 0 0 615.9 616 770.7 770 0 0 80.6 80 82.3 80 64.3 
196992416256330 99.9 100 1497 1500 201 17 1 200 200 50 50 829 2.4 2.5 0 0 0 0 0 183.9 184 229.2 230 0.2 8.5 8.5 0 0 0 0 0 615.9 616 769.8 770 0 0 80.6 80 82.3 80 64.3 
196992416256340 99.9 100 1496 1500 202 9 1 200 200 50 50 837 2.5 2.5 0 0 0 0 0 184 184 230.1 230 0 8.4 8.5 0 0 0 0 0 616.2 616 769.8 770 0 0 80.6 80 82.3 80 64.3 
196992416256350 99.9 100 1497 1500 202 5 0 200 200 50 50 833 2.5 2.5 0 0 0 0 0 183.9 184 230.1 230 0.2 8.5 8.5 0 0 0 0 0 615.6 616 769.8 770 0 0 80.6 80 82.3 80 64.3 
196992416256360 99.9 100 1497 1500 199 2 0 200 200 50 50 838 2.4 2.5 0 0 0 0 0 184 184 230.1 230 0 8.5 8.5 0 0 0 0 0 615.9 616 769.8 770 0 0 80.6 80 82.3 80 64.3 
196992416256370 99.6 100 1497 1500 201 0 0 200 200 50 50 840 2.4 2.5 0 0 0 0 0 183.9 184 229.6 230 0 8.5 8.5 0 0 0 0 0 615.9 616 769.8 770 0 0 80.6 80 82.3 80 64.3 
196992416256380 99.6 100 1498 1500 201 0 0 200 200 50 50 841 2.4 2.5 0 0 0 0 0 184 184 229.6 230 0 8.5 8.5 0 0 0 0 0 615.9 616 769.8 770 0 0 80.6 80 82.3 80 64.3 
196992416256390 99.6 100 1496 1500 201 67 0 200 200 50 50 843 2.4 2.5 0 0 0 0 0 183.9 184 230.1 230 0 8.5 8.5 0 0 0 0 0 616.2 616 770.3 770 0 0 80.6 80 82.3 80 64.3 
196992416256400 99.6 100 1499 1500 200 184 0 200 200 50 50 859 2.4 2.5 0 0 0 0 0 184 184 229.6 230 0 8.5 8.5 0 0 0 0 0 615.9 616 769.8 770 0 0 80.6 80 82.3 80 64.3 
196992416256410 99.6 100 1496 1500 200 141 0 200 200 50 50 860 2.4 2.5 0 0 0 0 0 183.9 184 230.1 230 0 8.5 8.5 0 0 0 0 0 615.9 616 769.8 770 0 0 80.6 80 82.3 80 64.3 
196992416256420 99.8 100 1497 1500 200 86 0 200 200 50 50 863 2.4 2.5 0 0 0 0 0 183.9 184 230.1 230 0.2 8.4 8.5 0 0 0 0 0 615.9 616 769.8 770 0 0 80.6 80 82.3 80 64.3 
196992416256430 99.8 100 1498 1500 202 70 0 200 200 50 50 841 2.4 2.5 0 0 0 0 0 183.9 184 229.6 230 0 8.5 8.5 0 0 0 0 0 616.2 616 769.8 770 0 0 80.6 80 82.4 80 64.3 
196992416256440 99.8 100 1497 1500 202 75 0 200 200 50 50 845 2.5 2.5 0 0 0 0 0 184 184 229.2 230 0.2 8.4 8.5 0 0 0 0 0 615.9 616 769.8 770 0 0 80.6 80 82.4 80 64.2 
196992416256450 99.8 100 1497 1500 202 87 0 200 200 50 50 846 2.5 2.5 0 0 0 0 0 184 184 229.6 230 0.2 8.5 8.5 0 0 0 0 0 615.9 616 769.8 770 0 0 80.6 80 82.4 80 64.2 
196992416256460 99.8 100 1496 1500 201 45 0 200 200 50 50 845 2.5 2.5 0 0 0 0 0 183.9 184 230.1 230 0 8.4 8.5 0 0 0 0 0 615.9 616 769.8 770 0 0 80.6 80 82.4 80 64.2 
196992416256470 99.6 100 1496 1500 201 18 0 200 200 50 50 843 2.4 2.5 0 0 0 0 0 183.9 184 230.1 230 0 8.5 8.5 0 0 0 0 0 616.2 616 769.4 770 0 0 80.6 80 82.4 80 64.2 
196992416256480 99.6 100 1496 1500 201 15 0 200 200 50 50 837 2.4 2.5 0 0 0 0 0 184 184 229.2 230 0 8.5 8.5 0 0 0 0 0 615.9 616 769.8 770 0 0 80.6 80 82.4 80 64.2 
196992416256490 99.6 100 1495 1500 200 13 1 200 200 50 50 844 2.4 2.5 0 0 0 0 0 184 184 229.6 230 0 8.5 8.5 0 0 0 0 0 615.9 616 769.8 770 0 0 80.6 80 82.4 80 64.2 
196992416256500 99.6 100 1496 1500 200 15 0 200 200 50 50 845 2.4 2.5 0 0 0 0 0 183.9 184 229.6 230 0 8.5 8.5 0 0 0 0 0 615.9 616 769.8 770 0 0 80.6 80 82.4 80 64.2 
196992416256510 99.6 100 1496 1500 200 13 0 200 200 50 50 846 2.4 2.5 0 0 0 0 0 183.9 184 229.6 230 0 8.4 8.5 0 0 0 0 0 615.9 616 769.8 770 0 0 80.6 80 82.4 80 64.2 
196992416256520 99.9 100 1496 1500 202 12 0 200 200 50 50 847 2.5 2.5 0 0 0 0 0 183.9 184 229.6 230 0 8.4 8.5 0 0 0 0 0 615.9 616 769.4 770 0 0 80.6 80 82.4 80 64.2 
196992416256530 99.9 100 1497 1500 201 14 0 200 200 50 50 849 2.4 2.5 0 0 0 0 0 184 184 229.6 230 0 8.5 8.5 0 0 0 0 0 615.6 616 769.8 770 0 0 80.6 80 82.4 80 64.2 
196992416256540 99.9 100 1497 1500 202 13 0 200 200 50 50 850 2.4 2.5 0 0 0 0 0 184 184 229.2 230 0 8.5 8.5 0 0 0 0 0 616.2 616 770.3 770 0 0 80.6 80 82.4 80 63.9 
196992416256550 99.9 100 1495 1500 201 10 0 200 200 50 50 851 2.4 2.5 0 0 0 0 0 184 184 229.6 230 0 8.5 8.5 0 0 0 0 0 615.6 616 769.8 770 0 0 80.6 80 82.4 80 63.9 
196992416256560 99.9 100 1495 1500 201 17 0 200 200 50 50 853 2.4 2.5 0 0 0 0 0 184 184 229.2 230 0.2 8.5 8.5 0 0 0 0 0 615.9 616 769.8 770 0 0 80.6 80 82.4 80 63.9 
196992416256570 99.9 100 1496 1500 200 36 0 200 200 50 50 861 2.4 2.5 0 0 0 0 0 184 184 229.6 230 0 8.5 8.5 0 0 0 0 0 615.9 616 769.8 770 0 0 80.6 80 82.4 80 63.9 
196992416256580 99.9 100 1494 1500 200 43 0 200 200 50 50 866 2.4 2.5 0 0 0 0 0 183.9 184 229.6 230 0 8.5 8.5 0 0 0 0 0 615.9 616 769.4 770 0 0 80.6 80 82.4 80 63.9 
196992416256590 99.9 100 1495 1500 200 2 0 200 200 50 50 868 2.5 2.5 0 0 0 0 0 184 184 229.6 230 0 8.5 8.5 0 0 0 0 0 615.9 616 769.8 770 0 0 80.6 80 82.4 80 63.9 
196992416256600 99.9 100 1496 1500 202 0 0 200 200 50 50 870 2.4 2.5 0 0 0 0 0 183.9 184 229.2 230 0 8.5 8.5 0 0 0 0 0 616.2 616 769.8 770 0 0 80.6 80 82.4 80 63.9 
196992416256610 99.9 100 1495 1500 201 0 0 200 200 50 50 874 2.5 2.5 0 0 0 0 0 183.9 184 229.2 230 0.2 8.5 8.5 0 0 0 0 0 615.9 616 769.4 770 0 0 80.6 80 82.4 80 63.9 
196992416256620 99.9 100 1495 1500 201 1 0 200 200 50 50 875 2.4 2.5 0 0 0 0 0 183.9 184 229.6 230 0 8.5 8.5 0 0 0 0 0 615.9 616 769.8 770 0 0 80.6 80 82.4 80 63.9 
196992416256630 99.9 100 1496 1500 201 2 0 200 200 50 50 872 2.4 2.5 0 0 0 0 0 184 184 229.6 230 0.2 8.5 8.5 0 0 0 0 0 615.6 616 769.8 770 0 0 80.6 80 82.4 80 63.9 
196992416256640 99.9 100 1497 1500 201 21 0 200 200 50 50 869 2.4 2.5 0 0 0 0 0 183.9 184 230.1 230 0 8.5 8.5 0 0 0 0 0 615.6 616 769.8 770 0 0 80.6 80 82.4 80 64.1 
196992416256650 99.9 100 1498 1500 200 59 0 200 200 50 50 857 2.4 2.5 0 0 0 0 0 183.9 184 229.6 230 0 8.5 8.5 0 0 0 0 0 615.9 616 769.4 770 0 0 80.6 80 82.4 80 64.1 
196992416256660 99.9 100 1493 1500 200 52 0 200 200 50 50 866 2.4 2.5 0 0 0 0 0 183.9 184 229.6 230 0 8.5 8.5 0 0 0 0 0 615.9 616 769.4 770 0 0 80.7 80 82.5 80 64.1 
196992416256670 99.9 100 1495 1500 200 43 0 200 200 50 50 866 2.4 2.5 0 0 0 0 0 183.9 184 230.1 230 0 8.5 8.5 0 0 0 0 0 615.9 616 769.8 770 0 0 80.7 80 82.5 80 64.1 
196992416256680 99.9 100 1498 1500 200 89 0 200 200 50 50 870 2.4 2.5 0 0 0 0 0 184 184 229.2 230 0 8.5 8.5 0 0 0 0 0 615.9 616 769.8 770 0 0 80.7 80 82.5 80 64.1 
196992416256690 99.9 100 1496 1500 201 53 0 200 200 50 50 872 2.4 2.5 0 0 0 0 0 183.9 184 229.6 230 0 8.5 8.5 0 0 0 0 0 615.9 616 770.3 770 0 0 80.7 80 82.5 80 64.1 
196992416256700 99.9 100 1497 1500 201 62 0 200 200 50 50 869 2.4 2.5 0 0 0 0 0 183.9 184 229.2 230 0 8.4 8.5 0 0 0 0 0 615.9 616 769.8 770 0 0 80.7 80 82.5 80 64.1 
196992416256710 99.9 100 1499 1500 201 38 0 200 200 50 50 864 2.4 2.5 0 0 0 0 0 184 184 229.6 230 0 8.5 8.5 0 0 0 0 0 615.9 616 769.8 770 0 0 80.7 80 82.5 80 64.1 
196992416256720 100 100 1496 1500 201 67 0 200 200 50 50 860 2.5 2.5 0 0 0 0 0 183.9 184 230.1 230 0.2 8.5 8.5 0 0 0 0 0 615.9 616 769.8 770 0 0 80.7 80 82.5 80 64.1 
196992416256730 100 100 1496 1500 201 37 0 200 200 50 50 875 2.4 2.5 0 0 0 0 0 183.9 184 229.2 230 0 8.4 8.5 0 0 0 0 0 615.9 616 769.8 770 0 0 80.7 80 82.5 80 64.1 
196992416256740 100 100 1499 1500 200 30 0 200 200 50 50 866 2.4 2.5 0 0 0 0 0 183.9 184 230.1 230 0 8.5 8.5 0 0 0 0 0 615.9 616 769.4 770 0 0 80.7 80 82.5 80 64.2 
196992416256750 100 100 1497 1500 200 26 0 200 200 50 50 874 2.4 2.5 0 0 0 0 0 184 184 229.2 230 0 8.5 8.5 0 0 0 0 0 615.9 616 769.4 770 0 0 80.7 80 82.5 80 64.2 
196992416256760 100 100 1496 1500 200 47 0 200 200 50 50 875 2.4 2.5 0 0 0 0 0 183.9 184 230.1 230 0 8.5 8.5 0 0 0 0 0 615.6 616 769.8 770 0 0 80.7 80 82.5 80 64.2 
196992416256770 100 100 1498 1500 200 41 0 200 200 50 50 873 2.4 2.5 0 0 0 0 0 183.9 184 229.6 230 0 8.5 8.5 0 0 0 0 0 615.9 616 769.8 770 0 0 80.7 80 82.4 80 64.2 
196992416256780 100 100 1497 1500 199 52 0 200 200 50 50 878 2.4 2.5 0 0 0 0 0 183.9 184 229.6 230 0 8.5 8.5 0 0 0 0 0 615.6 616 769.4 770 0 0 80.7 80 82.4 80 64.2 
196992416256790 100 100 1498 1500 199 2 0 200 200 50 50 886 2.4 2.5 0 0 0 0 0 183.9 184 230.1 230 0 8.5 8.5 0 0 0 0 0 615.6 616 769.4 770 0 0 80.7 80 82.4 80 64.2 
196992416256800 100 100 1496 1500 199 0 0 200 200 50 50 888 2.4 2.5 0 0 0 0 0 184 184 229.2 230 0 8.5 8.5 0 0 0 0 0 615.9 616 769.8 770 0 0 80.7 80 82.4 80 64.2 
196992416256810 100 100 1498 1500 199 0 1 200 200 50 50 890 2.4 2.5 0 0 0 0 0 183.9 184 229.6 230 0.2 8.5 8.5 0 0 0 0 0 615.9 616 769.8 770 0 0 80.7 80 82.4 80 64.2 
196992416256820 100 100 1498 1500 199 1 1 200 200 50 50 892 2.4 2.5 0 0 0 0 0 184 184 229.6 230 0 8.5 8.5 0 0 0 0 0 615.6 616 769.8 770 0 0 80.7 80 82.4 80 64.2 
196992416256830 100 100 1497 1500 199 2 1 200 200 50 50 888 2.4 2.5 0 0 0 0 0 184 184 229.6 230 0 8.4 8.5 0 0 0 0 0 615.9 616 770.3 770 0 0 80.7 80 82.4 80 64.2 
196992416256840 100 100 1501 1500 200 1 1 200 200 50 50 889 2.4 2.5 0 0 0 0 0 184 184 229.6 230 0 8.4 8.5 0 0 0 0 0 615.9 616 769.4 770 0 0 80.7 80 82.4 80 63.9 
196992416256850 100 100 1496 1500 200 0 1 200 200 50 50 895 2.4 2.5 0 0 0 0 0 183.9 184 229.6 230 0 8.5 8.5 0 0 0 0 0 615.6 616 769.8 770 0 0 80.7 80 82.4 80 63.9 
196992416256860 100 100 1498 1500 201 1 1 200 200 50 50 896 2.4 2.5 0 0 0 0 0 183.9 184 229.6 230 0.2 8.5 8.5 0 0 0 0 0 615.9 616 769.8 770 0 0 80.7 80 82.4 80 63.9 
196992416256870 99.9 100 1499 1500 202 0 0 200 200 50 50 897 2.4 2.5 0 0 0 0 0 184 184 229.6 230 0 8.5 8.5 0 0 0 0 0 615.9 616 769.4 770 0 0 80.7 80 82.4 80 63.9 
196992416256880 99.9 100 1498 1500 202 0 0 200 200 50 50 898 2.4 2.5 0 0 0 0 0 183.9 184 229.2 230 0 8.5 8.5 0 0 0 0 0 615.9 616 769.8 770 0 0 80.7 80 82.4 80 63.9 
196992416256890 99.9 100 1496 1500 201 13 0 200 200 50 50 892 2.5 2.5 0 0 0 0 0 183.9 184 229.6 230 0 8.5 8.5 0 0 0 0 0 615.9 616 769.8 770 0 0 80.6 80 82.4 80 63.9 
196992416256900 99.9 100 1496 1500 201 50 0 200 200 50 50 884 2.4 2.5 0 0 0 0 0 184 184 229.6 230 0 8.4 8.5 0 0 0 0 0 616.2 616 769.8 770 0 0 80.6 80 82.4 80 63.9 
196992416256910 99.9 100 1496 1500 201 28 0 200 200 50 50 890 2.4 2.5 0 0 0 0 0 183.9 184 229.6 230 0 8.5 8.5 0 0 0 0 0 616.2 616 769.8 770 0 0 80.6 80 82.4 80 63.9 
196992416256920 99.9 100 1495 1500 200 100 0 200 200 50 50 886 2.4 2.5 0 0 0 0 0 184 184 229.6 230 0 8.5 8.5 0 0 0 0 0 615.9 616 769.8 770 0 0 80.6 80 82.4 80 63.9 
196992416256930 99.9 100 1497 1500 200 22 0 200 200 50 50 893 2.4 2.5 0 0 0 0 0 183.9 184 229.6 230 0 8.5 8.5 0 0 0 0 0 615.9 616 769.8 770 0 0 80.6 80 82.4 80 63.9 
196992416256940 99.9 100 1499 1500 200 19 0 200 200 50 50 888 2.4 2.5 0 0 0 0 0 184 184 229.6 230 0 8.4 8.5 0 0 0 0 0 615.9 616 769.8 770 0 0 80.6 80 82.4 80 64 
196992416256950 99.9 100 1496 1500 202 55 0 200 200 50 50 887 2.4 2.5 0 0 0 0 0 184 184 230.1 230 0 8.5 8.5 0 0 0 0 0 615.9 616 770.3 770 0 0 80.6 80 82.4 80 64 
196992416256960 99.9 100 1496 1500 202 52 0 200 200 50 50 888 2.4 2.5 0 0 0 0 0 183.9 184 229.6 230 0.2 8.5 8.5 0 0 0 0 0 615.9 616 770.3 770 0 0 80.6 80 82.4 80 64 
196992416256970 100 100 1498 1500 202 37 0 200 200 50 50 892 2.4 2.5 0 0 0 0 0 184 184 229.6 230 0 8.5 8.5 0 0 0 0 0 616.2 616 769.4 770 0 0 80.6 80 82.4 80 64 
196992416256980 100 100 1498 1500 201 41 0 200 200 50 50 887 2.4 2.5 0 0 0 0 0 184 184 229.6 230 0 8.5 8.5 0 0 0 0 0 615.9 616 769.8 770 0 0 80.6 80 82.4 80 64 
196992416256990 100 100 1498 1500 200 45 0 200 200 50 50 891 2.4 2.5 0 0 0 0 0 183.9 184 229.2 230 0 8.5 8.5 0 0 0 0 0 615.6 616 769 770 0 0 80.6 80 82.4 80 64 
196992416257000 100 100 1497 1500 200 21 0 200 200 50 50 891 2.4 2.5 0 0 0 0 0 184 184 229.2 230 0 8.4 8.5 0 0 0 0 0 615.9 616 769.8 770 0 0 80.6 80 82.4 80 64 
196992416257010 100 100 1496 1500 200 78 0 200 200 50 50 893 2.4 2.5 0 0 0 0 0 184 184 229.6 230 0.2 8.5 8.5 0 0 0 0 0 615.9 616 769.8 770 0 0 80.6 80 82.4 80 64 
196992416257020 100.1 100 1496 1500 200 139 0 200 200 50 50 897 2.4 2.5 0 0 0 0 0 183.9 184 229.2 230 0.2 8.5 8.5 0 0 0 0 0 615.9 616 769.4 770 0 0 80.6 80 82.4 80 64 
196992416257030 100.1 100 1497 1500 200 20 0 200 200 50 50 893 2.4 2.5 0 0 0 0 0 183.9 184 230.1 230 0.2 8.5 8.5 0 0 0 0 0 615.9 616 769.8 770 0 0 80.6 80 82.4 80 64 
196992416257040 100.1 100 1496 1500 200 54 0 200 200 50 50 897 2.5 2.5 0 0 0 0 0 183.9 184 229.2 230 0.2 8.5 8.5 0 0 0 0 0 615.9 616 769.8 770 0 0 80.6 80 82.4 80 63.9 
196992416257050 100.1 100 1496 1500 201 59 0 200 200 50 50 886 2.4 2.5 0 0 0 0 0 183.9 184 229.2 230 0.2 8.5 8.5 0 0 0 0 0 615.9 616 769.8 770 0 0 80.6 80 82.4 80 63.9 
196992416257060 100.1 100 1495 1500 201 50 0 200 200 50 50 893 2.4 2.5 0 0 0 0 0 184 184 229.6 230 0.2 8.4 8.5 0 0 0 0 0 615.9 616 769.8 770 0 0 80.6 80 82.4 80 63.9 
196992416257070 100.1 100 1496 1500 201 38 0 200 200 50 50 903 2.5 2.5 0 0 0 0 0 184 184 229.6 230 0.2 8.5 8.5 0 0 0 0 0 615.9 616 769.8 770 0 0 80.6 80 82.4 80 63.9 
196992416257080 100.1 100 1494 1500 201 28 0 200 200 50 50 894 2.5 2.5 0 0 0 0 0 183.9 184 229.6 230 0 8.5 8.5 0 0 0 0 0 615.9 616 769.8 770 0 0 80.6 80 82.4 80 63.9 
196992416257090 100.1 100 1497 1500 200 34 0 200 200 50 50 901 2.4 2.5 0 0 0 0 0 183.9 184 229.6 230 0.2 8.4 8.5 0 0 0 0 0 615.9 616 769.8 770 0 0 80.6 80 82.4 80 63.9 
196992416257100 100.1 100 1497 1500 200 35 0 200 200 50 50 896 2.4 2.5 0 0 0 0 0 184 184 229.6 230 0.2 8.4 8.5 0 0 0 0 0 615.9 616 769.4 770 0 0 80.6 80 82.4 80 63.9 
196992416257110 100.1 100 1499 1500 200 36 0 200 200 50 50 893 2.4 2.5 0 0 0 0 0 183.9 184 229.6 230 0.2 8.4 8.5 0 0 0 0 0 615.9 616 769.8 770 0 0 80.6 80 82.4 80 63.9 
196992416257120 100.1 100 1496 1500 201 32 0 200 200 50 50 902 2.4 2.5 0 0 0 0 0 183.9 184 230.1 230 0.2 8.5 8.5 0 0 0 0 0 615.9 616 769.8 770 0 0 80.7 80 82.3 80 63.9 
196992416257130 100.1 100 1495 1500 200 48 0 200 200 50 50 900 2.4 2.5 0 0 0 0 0 184 184 230.1 230 0 8.5 8.5 0 0 0 0 0 615.9 616 769.8 770 0 0 80.7 80 82.3 80 63.9 
196992416257140 100.1 100 1499 1500 202 87 0 200 200 50 50 901 2.4 2.5 0 0 0 0 0 183.9 184 229.6 230 0.2 8.5 8.5 0 0 0 0 0 615.9 616 770.3 770 0 0 80.7 80 82.3 80 64.2 
196992416257150 100.1 100 1497 1500 201 101 0 200 200 50 50 899 2.4 2.5 0 0 0 0 0 183.9 184 229.6 230 0 8.4 8.5 0 0 0 0 0 615.6 616 769.8 770 0 0 80.7 80 82.3 80 64.2 
196992416257160 100.1 100 1496 1500 201 88 0 200 200 50 50 904 2.4 2.5 0 0 0 0 0 183.9 184 229.2 230 0.2 8.4 8.5 0 0 0 0 0 615.9 616 769.4 770 0 0 80.7 80 82.3 80 64.2 
196992416257170 100.1 100 1495 1500 201 114 0 200 200 50 50 893 2.4 2.5 0 0 0 0 0 184 184 229.6 230 0.2 8.5 8.5 0 0 0 0 0 615.9 616 769.8 770 0 0 80.7 80 82.3 80 64.2 
196992416257180 100.1 100 1496 1500 201 47 0 200 200 50 50 904 2.4 2.5 0 0 0 0 0 183.9 184 229.2 230 0.2 8.5 8.5 0 0 0 0 0 615.9 616 769.8 770 0 0 80.7 80 82.3 80 64.2 
196992416257190 100.1 100 1496 1500 200 112 0 200 200 50 50 898 2.5 2.5 0 0 0 0 0 183.9 184 229.6 230 0.2 8.5 8.5 0 0 0 0 0 615.9 616 769.8 770 0 0 80.7 80 82.3 80 64.2 
196992416257200 100.1 100 1496 1500 200 98 0 200 200 50 50 896 2.4 2.5 0 0 0 0 0 183.9 184 229.6 230 0.2 8.5 8.5 0 0 0 0 0 615.9 616 769.8 770 0 0 80.7 80 82.3 80 64.2 
196992416257210 100.1 100 1497 1500 200 82 0 200 200 50 50 897 2.4 2.5 0 0 0 0 0 184 184 229.6 230 0.2 8.5 8.5 0 0 0 0 0 616.2 616 769.8 770 0 0 80.7 80 82.3 80 64.2 
196992416257220 100.1 100 1498 1500 202 43 0 200 200 50 50 901 2.4 2.5 0 0 0 0 0 183.9 184 229.2 230 0.2 8.4 8.5 0 0 0 0 0 615.9 616 769.8 770 0 0 80.7 80 82.3 80 64.2 
196992416257230 100.1 100 1496 1500 201 59 0 200 200 50 50 902 2.4 2.5 0 0 0 0 0 184 184 229.6 230 0.2 8.5 8.5 0 0 0 0 0 615.9 616 769.8 770 0 0 80.6 80 82.3 80 64.2 
196992416257240 100.1 100 1495 1500 201 43 0 200 200 50 50 900 2.4 2.5 0 0 0 0 0 183.9 184 229.6 230 0.2 8.5 8.5 0 0 0 0 0 615.9 616 770.3 770 0 0 80.6 80 82.3 80 64.1 
196992416257250 100.1 100 1495 1500 201 77 0 200 200 50 50 904 2.4 2.5 0 0 0 0 0 183.9 184 229.6 230 0.2 8.5 8.5 0 0 0 0 0 616.2 616 769.8 770 0 0 80.6 80 82.3 80 64.1 
196992416257260 100.1 100 1494 1500 200 86 0 200 200 50 50 901 2.4 2.5 0 0 0 0 0 184 184 229.6 230 0.2 8.4 8.5 0 0 0 0 0 615.6 616 769.8 770 0 0 80.6 80 82.3 80 64.1 
196992416257270 100 100 1496 1500 200 85 0 200 200 50 50 901 2.4 2.5 0 0 0 0 0 183.9 184 229.2 230 0 8.5 8.5 0 0 0 0 0 615.9 616 769.8 770 0 0 80.6 80 82.3 80 64.1 
196992416257280 100 100 1498 1500 200 75 0 200 200 50 50 906 2.4 2.5 0 0 0 0 0 184 184 229.2 230 0 8.5 8.5 0 0 0 0 0 615.6 616 769.8 770 0 0 80.6 80 82.3 80 64.1 
196992416257290 100 100 1497 1500 200 58 0 200 200 50 50 902 2.4 2.5 0 0 0 0 0 183.9 184 229.6 230 0 8.5 8.5 0 0 0 0 0 615.9 616 769.8 770 0 0 80.6 80 82.3 80 64.1 
196992416257300 100 100 1495 1500 200 52 0 200 200 50 50 909 2.4 2.5 0 0 0 0 0 183.9 184 229.6 230 0.2 8.5 8.5 0 0 0 0 0 615.9 616 769.8 770 0 0 80.6 80 82.3 80 64.1 
196992416257310 100 100 1496 1500 199 55 0 200 200 50 50 907 2.4 2.5 0 0 0 0 0 183.9 184 229.6 230 0.2 8.5 8.5 0 0 0 0 0 615.9 616 769.8 770 0 0 80.6 80 82.3 80 64.1 
196992416257320 100 100 1494 1500 199 67 0 200 200 50 50 911 2.4 2.5 0 0 0 0 0 183.9 184 229.6 230 0.2 8.5 8.5 0 0 0 0 0 615.9 616 770.3 770 0 0 80.6 80 82.3 80 64.1 
196992416257330 100 100 1494 1500 199 67 1 200 200 50 50 904 2.4 2.5 0 0 0 0 0 184 184 230.1 230 0.2 8.5 8.5 0 0 0 0 0 615.9 616 769.8 770 0 0 80.6 80 82.3 80 64.1 
196992416257340 100 100 1497 1500 199 77 0 200 200 50 50 902 2.5 2.5 0 0 0 0 0 183.9 184 230.1 230 0.2 8.5 8.5 0 0 0 0 0 615.6 616 770.3 770 0 0 80.6 80 82.3 80 64.1 
196992416257350 100 100 1498 1500 199 73 1 200 200 50 50 904 2.4 2.5 0 0 0 0 0 183.9 184 229.6 230 0 8.5 8.5 0 0 0 0 0 615.6 616 769.8 770 0 0 80.6 80 82.2 80 64.1 
196992416257360 100 100 1495 1500 200 60 1 200 200 50 50 903 2.4 2.5 0 0 0 0 0 184 184 229.6 230 0.2 8.5 8.5 0 0 0 0 0 615.9 616 769 770 0 0 80.6 80 82.2 80 64.1 
196992416257370 100 100 1497 1500 199 77 1 200 200 50 50 906 2.4 2.5 0 0 0 0 0 183.9 184 229.6 230 0.2 8.4 8.5 0 0 0 0 0 616.2 616 769.8 770 0 0 80.6 80 82.2 80 64.1 
196992416257380 100 100 1494 1500 200 83 0 200 200 50 50 908 2.4 2.5 0 0 0 0 0 183.9 184 229.6 230 0.2 8.5 8.5 0 0 0 0 0 615.9 616 770.3 770 0 0 80.6 80 82.2 80 64.1 
196992416257390 100 100 1495 1500 199 88 0 200 200 50 50 897 2.4 2.5 0 0 0 0 0 184 184 229.6 230 0.2 8.5 8.5 0 0 0 0 0 615.9 616 769.8 770 0 0 80.6 80 82.2 80 64.1 
196992416257400 100 100 1496 1500 199 86 0 200 200 50 50 909 2.4 2.5 0 0 0 0 0 183.9 184 229.6 230 0.2 8.4 8.5 0 0 0 0 0 616.2 616 769.8 770 0 0 80.6 80 82.2 80 64.1 
196992416257410 100 100 1496 1500 199 68 0 200 200 50 50 902 2.4 2.5 0 0 0 0 0 183.9 184 230.1 230 0.2 8.5 8.5 0 0 0 0 0 615.9 616 769.8 770 0 0 80.6 80 82.2 80 64.1 
196992416257420 100 100 1497 1500 199 68 0 200 200 50 50 900 2.4 2.5 0 0 0 0 0 184 184 230.1 230 0 8.5 8.5 0 0 0 0 0 615.6 616 769.8 770 0 0 80.6 80 82.2 80 64.1 
196992416257430 100 100 1497 1500 199 79 1 200 200 50 50 909 2.4 2.5 0 0 0 0 0 183.9 184 229.6 230 0.2 8.4 8.5 0 0 0 0 0 615.6 616 769.8 770 0 0 80.6 80 82.2 80 64.1 
196992416257440 100 100 1496 1500 199 70 0 200 200 50 50 900 2.5 2.5 0 0 0 0 0 184 184 229.6 230 0.2 8.5 8.5 0 0 0 0 0 615.9 616 769.8 770 0 0 80.6 80 82.2 80 64.3 
196992416257450 100 100 1497 1500 200 67 0 200 200 50 50 910 2.5 2.5 0 0 0 0 0 184 184 230.1 230 0.2 8.5 8.5 0 0 0 0 0 615.9 616 769.8 770 0 0 80.6 80 82.2 80 64.3 
196992416257460 100 100 1495 1500 199 85 0 200 200 50 50 909 2.5 2.5 0 0 0 0 0 183.9 184 230.1 230 0.2 8.5 8.5 0 0 0 0 0 615.6 616 769.8 770 0 0 80.6 80 82.2 80 64.3 
196992416257470 100 100 1498 1500 200 65 0 200 200 50 50 904 2.4 2.5 0 0 0 0 0 183.9 184 229.2 230 0.2 8.5 8.5 0 0 0 0 0 615.9 616 769.8 770 0 0 80.6 80 82.2 80 64.3 
196992416257480 100 100 1499 1500 201 74 0 200 200 50 50 904 2.4 2.5 0 0 0 0 0 183.9 184 230.1 230 0 8.5 8.5 0 0 0 0 0 615.6 616 769.8 770 0 0 80.6 80 82.2 80 64.3 
196992416257490 100 100 1496 1500 202 71 0 200 200 50 50 909 2.4 2.5 0 0 0 0 0 183.9 184 229.6 230 0 8.5 8.5 0 0 0 0 0 615.9 616 769.4 770 0 0 80.6 80 82.2 80 64.3 
196992416257500 100 100 1496 1500 201 96 0 200 200 50 50 904 2.4 2.5 0 0 0 0 0 183.9 184 229.6 230 0.2 8.5 8.5 0 0 0 0 0 615.9 616 769.8 770 0 0 80.6 80 82.2 80 64.3 
196992416257510 100 100 1495 1500 201 94 0 200 200 50 50 909 2.4 2.5 0 0 0 0 0 183.9 184 229.6 230 0.2 8.5 8.5 0 0 0 0 0 615.9 616 769.4 770 0 0 80.6 80 82.2 80 64.3 
196992416257520 100 100 1495 1500 201 75 0 200 200 50 50 907 2.4 2.5 0 0 0 0 0 183.9 184 229.6 230 0.2 8.5 8.5 0 0 0 0 0 615.6 616 769.8 770 0 0 80.6 80 82.2 80 64.3 
196992416257530 100 100 1497 1500 200 89 0 200 200 50 50 913 2.4 2.5 0 0 0 0 0 183.9 184 229.6 230 0.2 8.4 8.5 0 0 0 0 0 615.9 616 769.8 770 0 0 80.6 80 82.2 80 64.3 
196992416257540 100 100 1495 1500 200 60 0 200 200 50 50 904 2.5 2.5 0 0 0 0 0 183.9 184 229.2 230 0.2 8.5 8.5 0 0 0 0 0 615.9 616 769.8 770 0 0 80.6 80 82.2 80 63.9 
196992416257550 100 100 1494 1500 200 70 0 200 200 50 50 914 2.4 2.5 0 0 0 0 0 183.9 184 229.6 230 0 8.5 8.5 0 0 0 0 0 615.9 616 769.8 770 0 0 80.6 80 82.2 80 63.9 
196992416257560 100 100 1494 1500 200 65 0 200 200 50 50 907 2.4 2.5 0 0 0 0 0 183.9 184 229.6 230 0.2 8.5 8.5 0 0 0 0 0 615.9 616 769.4 770 0 0 80.6 80 82.2 80 63.9 
196992416257570 100 100 1495 1500 200 80 0 200 200 50 50 906 2.4 2.5 0 0 0 0 0 183.9 184 229.6 230 0 8.5 8.5 0 0 0 0 0 615.9 616 770.3 770 0 0 80.6 80 82.2 80 63.9 
196992416257580 100 100 1496 1500 201 57 0 200 200 50 50 908 2.4 2.5 0 0 0 0 0 183.9 184 229.6 230 0.2 8.4 8.5 0 0 0 0 0 615.9 616 769.8 770 0 0 80.6 80 82.1 80 63.9 
196992416257590 100 100 1495 1500 201 65 0 200 200 50 50 909 2.4 2.5 0 0 0 0 0 183.9 184 229.6 230 0.2 8.4 8.5 0 0 0 0 0 615.9 616 769.8 770 0 0 80.6 80 82.1 80 63.9 
196992416257600 100 100 1497 1500 201 82 0 200 200 50 50 907 2.4 2.5 0 0 0 0 0 183.9 184 229.6 230 0.2 8.5 8.5 0 0 0 0 0 615.9 616 769.8 770 0 0 80.6 80 82.1 80 63.9 
196992416257610 100 100 1496 1500 200 74 0 200 200 50 50 916 2.4 2.5 0 0 0 0 0 183.9 184 229.6 230 0 8.5 8.5 0 0 0 0 0 615.6 616 770.3 770 0 0 80.6 80 82.1 80 63.9 
196992416257620 100 100 1498 1500 200 85 0 200 200 50 50 909 2.4 2.5 0 0 0 0 0 183.9 184 229.6 230 0 8.4 8.5 0 0 0 0 0 615.9 616 769.4 770 0 0 80.6 80 82.1 80 63.9 
196992416257630 100 100 1496 1500 200 79 0 200 200 50 50 908 2.4 2.5 0 0 0 0 0 183.9 184 230.1 230 0 8.5 8.5 0 0 0 0 0 615.9 616 769.8 770 0 0 80.6 80 82.1 80 63.9 
196992416257640 100 100 1494 1500 200 100 0 200 200 50 50 914 2.4 2.5 0 0 0 0 0 183.9 184 229.2 230 0.2 8.5 8.5 0 0 0 0 0 615.9 616 769.8 770 0 0 80.6 80 82.1 80 63.9 
196992416257650 100 100 1495 1500 200 66 0 200 200 50 50 919 2.4 2.5 0 0 0 0 0 183.9 184 229.6 230 0.2 8.5 8.5 0 0 0 0 0 615.6 616 769.8 770 0 0 80.6 80 82.1 80 63.9 
196992416257660 100 100 1498 1500 200 65 0 200 200 50 50 910 2.5 2.5 0 0 0 0 0 183.9 184 229.6 230 0.2 8.5 8.5 0 0 0 0 0 615.6 616 769.8 770 0 0 80.6 80 82.1 80 63.9 
196992416257670 100 100 1497 1500 202 76 0 200 200 50 50 906 2.5 2.5 0 0 0 0 0 183.9 184 229.6 230 0.2 8.5 8.5 0 0 0 0 0 615.9 616 769.8 770 0 0 80.6 80 82.1 80 63.9 
196992416257680 100 100 1498 1500 201 98 0 200 200 50 50 914 2.4 2.5 0 0 0 0 0 183.9 184 230.1 230 0 8.4 8.5 0 0 0 0 0 615.9 616 770.3 770 0 0 80.6 80 82.1 80 63.9 
196992416257690 100 100 1495 1500 201 85 0 200 200 50 50 911 2.4 2.5 0 0 0 0 0 183.9 184 229.6 230 0 8.5 8.5 0 0 0 0 0 615.9 616 769.8 770 0 0 80.6 80 82 80 63.9 
196992416257700 100 100 1494 1500 199 89 0 200 200 50 50 911 2.4 2.5 0 0 0 0 0 183.9 184 229.6 230 0.2 8.5 8.5 0 0 0 0 0 615.9 616 769.8 770 0 0 80.6 80 82 80 63.9 
196992416257710 100 100 1496 1500 200 64 0 200 200 50 50 907 2.4 2.5 0 0 0 0 0 183.9 184 229.6 230 0 8.5 8.5 0 0 0 0 0 615.9 616 769.8 770 0 0 80.6 80 82 80 63.9 
196992416257720 100 100 1496 1500 200 59 0 200 200 50 50 910 2.4 2.5 0 0 0 0 0 183.9 184 230.1 230 0 8.5 8.5 0 0 0 0 0 615.9 616 769.8 770 0 0 80.6 80 82 80 63.9 
196992416257730 100 100 1497 1500 200 25 0 200 200 50 50 904 2.4 2.5 0 0 0 0 0 183.9 184 229.6 230 0 8.5 8.5 0 0 0 0 0 616.2 616 769.8 770 0 0 80.6 80 82 80 63.9 
196992416257740 100 100 1495 1500 200 43 0 200 200 50 50 906 2.4 2.5 0 0 0 0 0 183.9 184 230.1 230 0.2 8.5 8.5 0 0 0 0 0 615.6 616 769.8 770 0 0 80.6 80 82 80 63.8 
196992416257750 100 100 1498 1500 201 113 0 200 200 50 50 911 2.4 2.5 0 0 0 0 0 184 184 229.6 230 0 8.4 8.5 0 0 0 0 0 615.9 616 769.4 770 0 0 80.6 80 82 80 63.8 
196992416257760 100 100 1494 1500 201 80 0 200 200 50 50 920 2.4 2.5 0 0 0 0 0 183.9 184 229.6 230 0.2 8.5 8.5 0 0 0 0 0 616.2 616 769.8 770 0 0 80.6 80 82 80 63.8 
196992416257770 100 100 1494 1500 201 86 0 200 200 50 50 912 2.5 2.5 0 0 0 0 0 183.9 184 229.6 230 0 8.5 8.5 0 0 0 0 0 615.9 616 769.8 770 0 0 80.6 80 82 80 63.8 
196992416257780 100 100 1497 1500 201 96 0 200 200 50 50 917 2.4 2.5 0 0 0 0 0 183.9 184 229.2 230 0.2 8.5 8.5 0 0 0 0 0 615.6 616 769.8 770 0 0 80.6 80 82 80 63.8 
196992416257790 100 100 1497 1500 200 73 0 200 200 50 50 916 2.4 2.5 0 0 0 0 0 183.9 184 229.6 230 0 8.5 8.5 0 0 0 0 0 615.6 616 769.8 770 0 0 80.6 80 82 80 63.8 
196992416257800 100 100 1498 1500 200 60 0 200 200 50 50 920 2.4 2.5 0 0 0 0 0 183.9 184 229.6 230 0 8.5 8.5 0 0 0 0 0 616.2 616 769.8 770 0 0 80.6 80 82 80 63.8 
196992416257810 100 100 1496 1500 200 62 0 200 200 50 50 914 2.4 2.5 0 0 0 0 0 183.9 184 229.6 230 0.2 8.5 8.5 0 0 0 0 0 615.9 616 769.8 770 0 0 80.6 80 82 80 63.8 
196992416257820 99.9 100 1496 1500 200 80 0 200 200 50 50 915 2.5 2.5 0 0 0 0 0 183.9 184 229.2 230 0.2 8.4 8.5 0 0 0 0 0 615.9 616 769.4 770 0 0 80.6 80 82 80 63.8 
196992416257830 99.9 100 1498 1500 200 56 0 200 200 50 50 917 2.5 2.5 0 0 0 0 0 183.9 184 229.6 230 0.2 8.4 8.5 0 0 0 0 0 615.9 616 769.8 770 0 0 80.6 80 82 80 63.8 
196992416257840 99.9 100 1494 1500 201 65 0 200 200 50 50 920 2.4 2.5 0 0 0 0 0 183.9 184 229.6 230 0 8.5 8.5 0 0 0 0 0 615.9 616 769.8 770 0 0 80.6 80 82 80 64.1 
196992416257850 99.9 100 1496 1500 201 90 0 200 200 50 50 907 2.5 2.5 0 0 0 0 0 183.9 184 229.2 230 0.2 8.5 8.5 0 0 0 0 0 615.9 616 769.8 770 0 0 80.6 80 82 80 64.1 
196992416257860 99.9 100 1496 1500 201 95 0 200 200 50 50 916 2.4 2.5 0 0 0 0 0 184 184 229.6 230 0.2 8.5 8.5 0 0 0 0 0 615.9 616 769.8 770 0 0 80.6 80 82 80 64.1 
196992416257870 100 100 1496 1500 200 74 0 200 200 50 50 917 2.4 2.5 0 0 0 0 0 183.9 184 229.6 230 0.2 8.5 8.5 0 0 0 0 0 615.9 616 769.8 770 0 0 80.6 80 82 80 64.1 
196992416257880 100 100 1496 1500 200 79 0 200 200 50 50 923 2.5 2.5 0 0 0 0 0 183.9 184 229.6 230 0.2 8.5 8.5 0 0 0 0 0 616.2 616 770.3 770 0 0 80.6 80 82 80 64.1 
196992416257890 100 100 1495 1500 199 70 0 200 200 50 50 917 2.4 2.5 0 0 0 0 0 183.9 184 229.2 230 0.2 8.5 8.5 0 0 0 0 0 615.9 616 769.8 770 0 0 80.6 80 82 80 64.1 
196992416257900 100 100 1497 1500 200 41 0 200 200 50 50 919 2.5 2.5 0 0 0 0 0 184 184 229.6 230 0.2 8.5 8.5 0 0 0 0 0 615.9 616 769.8 770 0 0 80.6 80 82 80 64.1 
196992416257910 100 100 1496 1500 200 55 0 200 200 50 50 918 2.5 2.5 0 0 0 0 0 183.9 184 229.2 230 0.2 8.5 8.5 0 0 0 0 0 615.6 616 769.8 770 0 0 80.6 80 82 80 64.1 
196992416257920 100 100 1498 1500 200 71 0 200 200 50 50 919 2.5 2.5 0 0 0 0 0 184 184 229.6 230 0.2 8.5 8.5 0 0 0 0 0 616.2 616 769.8 770 0 0 80.6 80 81.9 80 64.1 
196992416257930 100 100 1494 1500 199 80 0 200 200 50 50 920 2.4 2.5 0 0 0 0 0 183.9 184 229.2 230 0.2 8.5 8.5 0 0 0 0 0 615.9 616 770.3 770 0 0 80.6 80 81.9 80 64.1 
196992416257940 100 100 1495 1500 199 64 1 200 200 50 50 926 2.4 2.5 0 0 0 0 0 184 184 229.6 230 0 8.4 8.5 0 0 0 0 0 616.2 616 769.8 770 0 0 80.6 80 81.9 80 64 
196992416257950 100 100 1497 1500 199 37 0 200 200 50 50 913 2.4 2.5 0 0 0 0 0 183.9 184 229.6 230 0.2 8.5 8.5 0 0 0 0 0 615.9 616 769.4 770 0 0 80.6 80 81.9 80 64 
196992416257960 100 100 1496 1500 199 67 1 200 200 50 50 918 2.4 2.5 0 0 0 0 0 183.9 184 229.2 230 0 8.4 8.5 0 0 0 0 0 615.9 616 769.8 770 0 0 80.6 80 81.9 80 64 
196992416257970 100 100 1495 1500 199 84 0 200 200 50 50 916 2.4 2.5 0 0 0 0 0 184 184 229.6 230 0.2 8.5 8.5 0 0 0 0 0 616.2 616 769.8 770 0 0 80.6 80 81.9 80 64 
196992416257980 100 100 1499 1500 199 93 1 200 200 50 50 921 2.4 2.5 0 0 0 0 0 183.9 184 229.6 230 0.2 8.5 8.5 0 0 0 0 0 615.6 616 769.4 770 0 0 80.6 80 81.9 80 64 
196992416257990 100 100 1496 1500 200 75 0 200 200 50 50 921 2.5 2.5 0 0 0 0 0 183.9 184 229.6 230 0 8.5 8.5 0 0 0 0 0 615.6 616 769.8 770 0 0 80.6 80 81.9 80 64 
196992416258000 100 100 1495 1500 199 83 1 200 200 50 50 924 2.5 2.5 0 0 0 0 0 183.9 184 229.6 230 0.2 8.5 8.5 0 0 0 0 0 615.9 616 769.4 770 0 0 80.6 80 81.9 80 64 
196992416258010 100 100 1495 1500 201 71 1 200 200 50 50 919 2.4 2.5 0 0 0 0 0 184 184 230.1 230 0.2 8.5 8.5 0 0 0 0 0 615.9 616 769.4 770 0 0 80.6 80 81.9 80 64 
196992416258020 100 100 1496 1500 201 60 0 200 200 50 50 920 2.4 2.5 0 0 0 0 0 184 184 229.6 230 0.2 8.5 8.5 0 0 0 0 0 615.9 616 770.3 770 0 0 80.6 80 81.9 80 64 
196992416258030 100 100 1495 1500 200 72 0 200 200 50 50 919 2.4 2.5 0 0 0 0 0 183.9 184 229.6 230 0 8.5 8.5 0 0 0 0 0 616.2 616 769.8 770 0 0 80.6 80 81.9 80 64 
196992416258040 100 100 1495 1500 201 44 0 200 200 50 50 920 2.4 2.5 0 0 0 0 0 184 184 229.6 230 0.2 8.4 8.5 0 0 0 0 0 615.9 616 769.8 770 0 0 80.5 80 81.8 80 64.1 
196992416258050 100 100 1497 1500 201 69 0 200 200 50 50 922 2.4 2.5 0 0 0 0 0 183.9 184 230.1 230 0 8.5 8.5 0 0 0 0 0 615.9 616 769.4 770 0 0 80.5 80 81.8 80 64.1 
196992416258060 100 100 1497 1500 200 55 0 200 200 50 50 920 2.4 2.5 0 0 0 0 0 183.9 184 229.6 230 0 8.5 8.5 0 0 0 0 0 615.9 616 770.3 770 0 0 80.5 80 81.8 80 64.1 
196992416258070 100 100 1494 1500 200 82 0 200 200 50 50 923 2.4 2.5 0 0 0 0 0 184 184 229.6 230 0.2 8.5 8.5 0 0 0 0 0 615.9 616 769.8 770 0 0 80.5 80 81.8 80 64.1 
196992416258080 100 100 1495 1500 200 108 0 200 200 50 50 917 2.4 2.5 0 0 0 0 0 183.9 184 229.6 230 0.2 8.4 8.5 0 0 0 0 0 616.2 616 769.8 770 0 0 80.5 80 81.8 80 64.1 
196992416258090 100 100 1497 1500 200 88 0 200 200 50 50 921 2.4 2.5 0 0 0 0 0 184 184 229.6 230 0.2 8.5 8.5 0 0 0 0 0 615.9 616 769.8 770 0 0 80.5 80 81.8 80 64.1 
196992416258100 100 100 1496 1500 201 70 0 200 200 50 50 920 2.4 2.5 0 0 0 0 0 184 184 229.6 230 0.2 8.4 8.5 0 0 0 0 0 615.9 616 769.8 770 0 0 80.5 80 81.8 80 64.1 
196992416258110 100 100 1498 1500 200 71 0 200 200 50 50 925 2.4 2.5 0 0 0 0 0 183.9 184 229.6 230 0.2 8.4 8.5 0 0 0 0 0 615.9 616 769.8 770 0 0 80.5 80 81.8 80 64.1 
196992416258120 100 100 1495 1500 201 49 0 200 200 50 50 927 2.4 2.5 0 0 0 0 0 183.9 184 230.1 230 0.2 8.5 8.5 0 0 0 0 0 615.9 616 770.3 770 0 0 80.5 80 81.8 80 64.1 
196992416258130 100 100 1496 1500 201 44 0 200 200 50 50 920 2.5 2.5 0 0 0 0 0 183.9 184 229.6 230 0.2 8.5 8.5 0 0 0 0 0 615.9 616 769.4 770 0 0 80.5 80 81.8 80 64.1 
196992416258140 100 100 1495 1500 201 94 0 200 200 50 50 919 2.4 2.5 0 0 0 0 0 184 184 229.6 230 0.2 8.5 8.5 0 0 0 0 0 615.6 616 769.8 770 0 0 80.5 80 81.8 80 64 
196992416258150 100 100 1496 1500 200 59 0 200 200 50 50 921 2.4 2.5 0 0 0 0 0 183.9 184 229.6 230 0.2 8.4 8.5 0 0 0 0 0 615.9 616 769.8 770 0 0 80.6 80 81.8 80 64 
196992416258160 100 100 1499 1500 200 77 0 200 200 50 50 926 2.4 2.5 0 0 0 0 0 183.9 184 230.1 230 0 8.5 8.5 0 0 0 0 0 615.6 616 770.3 770 0 0 80.6 80 81.8 80 64 
196992416258170 100 100 1500 1500 200 92 0 200 200 50 50 930 2.4 2.5 0 0 0 0 0 184 184 229.6 230 0.2 8.5 8.5 0 0 0 0 0 615.9 616 769.4 770 0 0 80.6 80 81.8 80 64 
196992416258180 100 100 1496 1500 200 95 0 200 200 50 50 926 2.4 2.5 0 0 0 0 0 183.9 184 229.6 230 0 8.5 8.5 0 0 0 0 0 615.6 616 769.8 770 0 0 80.6 80 81.8 80 64 
196992416258190 100 100 1497 1500 203 98 1 200 200 50 50 928 2.4 2.5 0 0 0 0 0 183.9 184 229.2 230 0.2 8.5 8.5 0 0 0 0 0 615.9 616 769.4 770 0 0 80.6 80 81.8 80 64 
196992416258200 100 100 1496 1500 201 52 0 200 200 50 50 922 2.4 2.5 0 0 0 0 0 183.9 184 229.6 230 0.2 8.5 8.5 0 0 0 0 0 615.9 616 770.7 770 0 0 80.6 80 81.8 80 64 
196992416258210 100 100 1495 1500 201 45 0 200 200 50 50 920 2.4 2.5 0 0 0 0 0 184 184 229.6 230 0.2 8.5 8.5 0 0 0 0 0 615.9 616 769.8 770 0 0 80.6 80 81.8 80 64 
196992416258220 100 100 1496 1500 201 55 0 200 200 50 50 917 2.5 2.5 0 0 0 0 0 183.9 184 229.6 230 0 8.5 8.5 0 0 0 0 0 615.9 616 769.8 770 0 0 80.6 80 81.8 80 64 
196992416258230 100 100 1494 1500 201 61 0 200 200 50 50 923 2.4 2.5 0 0 0 0 0 183.9 184 229.2 230 0.2 8.5 8.5 0 0 0 0 0 615.9 616 769.8 770 0 0 80.6 80 81.8 80 64 
196992416258240 100 100 1494 1500 200 27 0 200 200 50 50 923 2.5 2.5 0 0 0 0 0 183.9 184 229.6 230 0 8.5 8.5 0 0 0 0 0 615.9 616 770.3 770 0 0 80.6 80 81.8 80 64.2 
196992416258250 100 100 1498 1500 200 85 0 200 200 50 50 923 2.4 2.5 0 0 0 0 0 183.9 184 229.6 230 0.2 8.5 8.5 0 0 0 0 0 615.9 616 769.8 770 0 0 80.6 80 81.8 80 64.2 
196992416258260 100 100 1493 1500 200 73 0 200 200 50 50 928 2.4 2.5 0 0 0 0 0 184 184 229.6 230 0.2 8.5 8.5 0 0 0 0 0 615.9 616 769.8 770 0 0 80.6 80 81.8 80 64.2 
196992416258270 100 100 1495 1500 200 76 0 200 200 50 50 925 2.4 2.5 0 0 0 0 0 183.9 184 229.6 230 0.2 8.5 8.5 0 0 0 0 0 616.2 616 769.8 770 0 0 80.5 80 81.6 80 64.2 
196992416258280 100 100 1497 1500 200 63 0 200 200 50 50 922 2.4 2.5 0 0 0 0 0 184 184 229.2 230 0.2 8.4 8.5 0 0 0 0 0 615.6 616 769.8 770 0 0 80.5 80 81.6 80 64.2 
196992416258290 100 100 1494 1500 201 78 0 200 200 50 50 927 2.4 2.5 0 0 0 0 0 183.9 184 229.6 230 0.2 8.5 8.5 0 0 0 0 0 615.9 616 769.8 770 0 0 80.5 80 81.6 80 64.2 
196992416258300 100 100 1496 1500 201 63 0 200 200 50 50 926 2.5 2.5 0 0 0 0 0 183.9 184 229.6 230 0 8.5 8.5 0 0 0 0 0 615.9 616 770.3 770 0 0 80.5 80 81.6 80 64.2 
196992416258310 100 100 1498 1500 200 72 0 200 200 50 50 921 2.4 2.5 0 0 0 0 0 183.9 184 229.2 230 0.2 8.5 8.5 0 0 0 0 0 615.9 616 769.4 770 0 0 80.5 80 81.6 80 64.2 
196992416258320 99.9 100 1497 1500 201 65 0 200 200 50 50 926 2.5 2.5 0 0 0 0 0 183.9 184 229.2 230 0.2 8.5 8.5 0 0 0 0 0 615.9 616 769.8 770 0 0 80.5 80 81.6 80 64.2 
196992416258330 99.9 100 1496 1500 200 68 0 200 200 50 50 926 2.4 2.5 0 0 0 0 0 183.9 184 229.6 230 0 8.5 8.5 0 0 0 0 0 615.9 616 769.8 770 0 0 80.5 80 81.6 80 64.2 
196992416258340 99.9 100 1495 1500 200 63 0 200 200 50 50 925 2.4 2.5 0 0 0 0 0 184 184 229.2 230 0.2 8.5 8.5 0 0 0 0 0 615.9 616 769.4 770 0 0 80.5 80 81.6 80 64 
196992416258350 99.9 100 1495 1500 200 58 0 200 200 50 50 924 2.4 2.5 0 0 0 0 0 183.9 184 229.2 230 0.2 8.5 8.5 0 0 0 0 0 615.6 616 769.8 770 0 0 80.5 80 81.6 80 64 
196992416258360 99.9 100 1498 1500 200 70 0 200 200 50 50 924 2.4 2.5 0 0 0 0 0 183.9 184 229.6 230 0.2 8.5 8.5 0 0 0 0 0 615.9 616 769.8 770 0 0 80.5 80 81.6 80 64 
196992416258370 99.9 100 1496 1500 202 74 0 200 200 50 50 928 2.4 2.5 0 0 0 0 0 184 184 229.6 230 0.2 8.5 8.5 0 0 0 0 0 615.9 616 769.8 770 0 0 80.5 80 81.6 80 64 
196992416258380 99.9 100 1496 1500 201 63 0 200 200 50 50 922 2.4 2.5 0 0 0 0 0 184 184 229.6 230 0 8.5 8.5 0 0 0 0 0 615.9 616 769.8 770 0 0 80.5 80 81.6 80 64 
196992416258390 99.9 100 1495 1500 201 64 0 200 200 50 50 918 2.4 2.5 0 0 0 0 0 184 184 229.2 230 0.2 8.5 8.5 0 0 0 0 0 615.9 616 769.8 770 0 0 80.5 80 81.6 80 64 
196992416258400 99.9 100 1498 1500 200 85 0 200 200 50 50 926 2.4 2.5 0 0 0 0 0 183.9 184 229.6 230 0 8.5 8.5 0 0 0 0 0 615.9 616 769.8 770 0 0 80.5 80 81.6 80 64 
196992416258410 99.9 100 1495 1500 200 104 0 200 200 50 50 926 2.4 2.5 0 0 0 0 0 183.9 184 229.6 230 0.2 8.5 8.5 0 0 0 0 0 615.9 616 769.8 770 0 0 80.5 80 81.6 80 64 
196992416258420 99.9 100 1494 1500 200 48 0 200 200 50 50 925 2.4 2.5 0 0 0 0 0 183.9 184 229.6 230 0.2 8.5 8.5 0 0 0 0 0 615.6 616 769.8 770 0 0 80.5 80 81.6 80 64 
196992416258430 99.9 100 1496 1500 200 61 0 200 200 50 50 925 2.5 2.5 0 0 0 0 0 183.9 184 229.2 230 0.2 8.5 8.5 0 0 0 0 0 615.9 616 770.3 770 0 0 80.5 80 81.6 80 64 
196992416258440 99.9 100 1495 1500 200 23 0 200 200 50 50 926 2.4 2.5 0 0 0 0 0 184 184 229.6 230 0 8.5 8.5 0 0 0 0 0 615.9 616 769.4 770 0 0 80.5 80 81.6 80 64 
196992416258450 99.9 100 1495 1500 200 88 0 200 200 50 50 922 2.4 2.5 0 0 0 0 0 183.9 184 229.6 230 0.2 8.5 8.5 0 0 0 0 0 615.6 616 769.8 770 0 0 80.5 80 81.6 80 64 
196992416258460 99.9 100 1498 1500 200 110 0 200 200 50 50 929 2.5 2.5 0 0 0 0 0 183.9 184 229.6 230 0 8.4 8.5 0 0 0 0 0 615.9 616 770.3 770 0 0 80.5 80 81.6 80 64 
196992416258470 100 100 1499 1500 199 96 0 200 200 50 50 925 2.4 2.5 0 0 0 0 0 183.9 184 230.1 230 0.2 8.5 8.5 0 0 0 0 0 615.9 616 769.8 770 0 0 80.5 80 81.6 80 64 
196992416258480 100 100 1497 1500 199 67 0 200 200 50 50 926 2.5 2.5 0 0 0 0 0 184 184 229.2 230 0.2 8.4 8.5 0 0 0 0 0 615.9 616 769.4 770 0 0 80.5 80 81.6 80 64 
196992416258490 100 100 1496 1500 199 75 0 200 200 50 50 933 2.4 2.5 0 0 0 0 0 183.9 184 229.2 230 0.2 8.5 8.5 0 0 0 0 0 616.2 616 770.3 770 0 0 80.5 80 81.6 80 64 
196992416258500 100 100 1494 1500 200 94 0 200 200 50 50 930 2.4 2.5 0 0 0 0 0 183.9 184 229.6 230 0 8.5 8.5 0 0 0 0 0 616.2 616 769.8 770 0 0 80.5 80 81.5 80 64 
196992416258510 100 100 1497 1500 200 74 0 200 200 50 50 926 2.4 2.5 0 0 0 0 0 184 184 229.6 230 0.2 8.5 8.5 0 0 0 0 0 615.6 616 770.3 770 0 0 80.5 80 81.5 80 64 
196992416258520 100 100 1497 1500 200 85 1 200 200 50 50 925 2.4 2.5 0 0 0 0 0 183.9 184 230.1 230 0.2 8.5 8.5 0 0 0 0 0 616.2 616 769.8 770 0 0 80.5 80 81.5 80 64 
196992416258530 100 100 1495 1500 200 46 0 200 200 50 50 929 2.4 2.5 0 0 0 0 0 183.9 184 229.6 230 0 8.5 8.5 0 0 0 0 0 615.6 616 769.8 770 0 0 80.5 80 81.5 80 64 
196992416258540 100 100 1497 1500 200 66 0 200 200 50 50 925 2.4 2.5 0 0 0 0 0 183.9 184 229.6 230 0.2 8.4 8.5 0 0 0 0 0 615.9 616 769.8 770 0 0 80.5 80 81.5 80 64 
196992416258550 100 100 1495 1500 202 41 0 200 200 50 50 925 2.4 2.5 0 0 0 0 0 184 184 229.6 230 0.2 8.5 8.5 0 0 0 0 0 615.6 616 770.3 770 0 0 80.5 80 81.5 80 64 
196992416258560 100 100 1494 1500 201 49 0 200 200 50 50 927 2.4 2.5 0 0 0 0 0 184 184 229.2 230 0.2 8.5 8.5 0 0 0 0 0 615.9 616 770.3 770 0 0 80.5 80 81.5 80 64 
196992416258570 100 100 1495 1500 201 43 0 200 200 50 50 928 2.5 2.5 0 0 0 0 0 183.9 184 229.2 230 0.2 8.5 8.5 0 0 0 0 0 615.6 616 769.4 770 0 0 80.5 80 81.5 80 64 
196992416258580 100 100 1494 1500 201 101 0 200 200 50 50 928 2.4 2.5 0 0 0 0 0 183.9 184 229.2 230 0 8.4 8.5 0 0 0 0 0 615.9 616 769.8 770 0 0 80.5 80 81.5 80 64 
196992416258590 100 100 1495 1500 201 83 0 200 200 50 50 933 2.4 2.5 0 0 0 0 0 184 184 229.6 230 0.2 8.5 8.5 0 0 0 0 0 615.9 616 769.4 770 0 0 80.5 80 81.5 80 64 
196992416258600 100 100 1496 1500 200 98 0 200 200 50 50 929 2.4 2.5 0 0 0 0 0 183.9 184 230.1 230 0 8.5 8.5 0 0 0 0 0 616.2 616 769.8 770 0 0 80.5 80 81.5 80 64 
196992416258610 100 100 1496 1500 200 70 0 200 200 50 50 929 2.5 2.5 0 0 0 0 0 184 184 229.6 230 0.2 8.5 8.5 0 0 0 0 0 615.9 616 769.8 770 0 0 80.5 80 81.3 80 64 
196992416258620 100.1 100 1497 1500 201 82 0 200 200 50 50 925 2.4 2.5 0 0 0 0 0 183.9 184 229.6 230 0.2 8.5 8.5 0 0 0 0 0 615.6 616 770.3 770 0 0 80.5 80 81.3 80 64 
196992416258630 100.1 100 1497 1500 201 80 0 200 200 50 50 927 2.4 2.5 0 0 0 0 0 183.9 184 229.2 230 0.2 8.5 8.5 0 0 0 0 0 615.6 616 770.3 770 0 0 80.5 80 81.3 80 64 
196992416258640 100.1 100 1496 1500 202 64 0 200 200 50 50 927 2.4 2.5 0 0 0 0 0 184 184 229.6 230 0.2 8.4 8.5 0 0 0 0 0 615.9 616 769.8 770 0 0 80.5 80 81.3 80 64.1 
196992416258650 100.1 100 1495 1500 201 53 0 200 200 50 50 930 2.4 2.5 0 0 0 0 0 183.9 184 229.6 230 0.2 8.5 8.5 0 0 0 0 0 615.9 616 769.8 770 0 0 80.5 80 81.3 80 64.1 
196992416258660 100.1 100 1496 1500 201 82 0 200 200 50 50 926 2.4 2.5 0 0 0 0 0 183.9 184 229.6 230 0.2 8.5 8.5 0 0 0 0 0 615.9 616 769.4 770 0 0 80.5 80 81.3 80 64.1 
196992416258670 100.1 100 1495 1500 201 61 0 200 200 50 50 927 2.4 2.5 0 0 0 0 0 183.9 184 229.6 230 0.2 8.5 8.5 0 0 0 0 0 615.9 616 770.3 770 0 0 80.5 80 81.3 80 64.1 
196992416258680 100.1 100 1497 1500 203 88 2 200 200 50 50 927 2.4 2.5 0 0 0 0 0 184 184 229.2 230 0.2 8.5 8.5 0 0 0 0 0 615.9 616 769.8 770 0 0 80.5 80 81.3 80 64.1 
196992416258690 100.1 100 1496 1500 200 85 0 200 200 50 50 929 2.4 2.5 0 0 0 0 0 183.9 184 229.6 230 0 8.5 8.5 0 0 0 0 0 615.9 616 769.8 770 0 0 80.5 80 81.3 80 64.1 
196992416258700 100.1 100 1496 1500 200 29 0 200 200 50 50 929 2.4 2.5 0 0 0 0 0 184 184 229.2 230 0 8.5 8.5 0 0 0 0 0 616.2 616 769.4 770 0 0 80.5 80 81.3 80 64.1 
196992416258710 100.1 100 1494 1500 200 29 0 200 200 50 50 930 2.4 2.5 0 0 0 0 0 184 184 229.6 230 0 8.5 8.5 0 0 0 0 0 615.9 616 769.4 770 0 0 80.5 80 81.3 80 64.1 
196992416258720 100.1 100 1495 1500 200 60 0 200 200 50 50 929 2.4 2.5 0 0 0 0 0 183.9 184 229.6 230 0 8.5 8.5 0 0 0 0 0 615.9 616 769.4 770 0 0 80.5 80 81.3 80 64.1 
196992416258730 100.1 100 1494 1500 200 56 0 200 200 50 50 927 2.4 2.5 0 0 0 0 0 184 184 229.6 230 0.2 8.4 8.5 0 0 0 0 0 615.9 616 769.8 770 0 0 80.5 80 81.3 80 64.1 
196992416258740 100.1 100 1495 1500 201 80 0 200 200 50 50 926 2.5 2.5 0 0 0 0 0 184 184 229.6 230 0.2 8.5 8.5 0 0 0 0 0 615.9 616 769.8 770 0 0 80.5 80 81.3 80 64.2 
196992416258750 100.1 100 1496 1500 201 73 0 200 200 50 50 929 2.4 2.5 0 0 0 0 0 183.9 184 229.6 230 0.2 8.5 8.5 0 0 0 0 0 615.9 616 769.8 770 0 0 80.5 80 81.3 80 64.2 
196992416258760 100.1 100 1498 1500 200 23 0 200 200 50 50 929 2.4 2.5 0 0 0 0 0 183.9 184 229.6 230 0.2 8.5 8.5 0 0 0 0 0 615.9 616 769.8 770 0 0 80.5 80 81.3 80 64.2 
196992416258770 100.1 100 1496 1500 200 17 0 200 200 50 50 930 2.5 2.5 0 0 0 0 0 184 184 229.6 230 0.2 8.4 8.5 0 0 0 0 0 615.9 616 769.4 770 0 0 80.5 80 81.3 80 64.2 
196992416258780 100.1 100 1497 1500 203 57 2 200 200 50 50 934 2.4 2.5 0 0 0 0 0 184.1 184 229.6 230 0.2 8.5 8.5 0 0 0 0 0 615.9 616 769.8 770 0 0 80.5 80 81.3 80 64.2 
196992416258790 100.1 100 1497 1500 200 73 0 200 200 50 50 931 2.4 2.5 0 0 0 0 0 184 184 229.6 230 0.2 8.5 8.5 0 0 0 0 0 615.9 616 769.4 770 0 0 80.5 80 81.3 80 64.2 
196992416258800 100.1 100 1494 1500 201 81 0 200 200 50 50 931 2.5 2.5 0 0 0 0 0 183.9 184 229.2 230 0.2 8.5 8.5 0 0 0 0 0 615.6 616 769.8 770 0 0 80.5 80 81.3 80 64.2 
196992416258810 100.1 100 1496 1500 200 69 0 200 200 50 50 934 2.4 2.5 0 0 0 0 0 183.9 184 230.1 230 0 8.4 8.5 0 0 0 0 0 615.9 616 769.4 770 0 0 80.5 80 81.3 80 64.2 
196992416258820 100 100 1495 1500 201 104 0 200 200 50 50 928 2.5 2.5 0 0 0 0 0 183.9 184 229.6 230 0 8.5 8.5 0 0 0 0 0 616.2 616 769.8 770 0 0 80.5 80 81.3 80 64.2 
196992416258830 100 100 1495 1500 200 98 0 200 200 50 50 932 2.4 2.5 0 0 0 0 0 184 184 229.2 230 0 8.5 8.5 0 0 0 0 0 615.9 616 769.8 770 0 0 80.5 80 81.3 80 64.2 
196992416258840 100 100 1496 1500 201 54 0 200 200 50 50 931 2.4 2.5 0 0 0 0 0 183.9 184 229.2 230 0 8.5 8.5 0 0 0 0 0 615.9 616 770.3 770 0 0 80.5 80 81.2 80 63.9 
196992416258850 100 100 1499 1500 200 35 0 200 200 50 50 930 2.4 2.5 0 0 0 0 0 184 184 229.6 230 0.2 8.4 8.5 0 0 0 0 0 615.9 616 769.4 770 0 0 80.5 80 81.2 80 63.9 
196992416258860 100 100 1500 1500 201 66 1 200 200 50 50 931 2.5 2.5 0 0 0 0 0 184 184 229.2 230 0 8.5 8.5 0 0 0 0 0 615.9 616 769.8 770 0 0 80.5 80 81.2 80 63.9 
196992416258870 100 100 1496 1500 200 51 0 200 200 50 50 932 2.4 2.5 0 0 0 0 0 184 184 229.2 230 0 8.5 8.5 0 0 0 0 0 616.2 616 769.8 770 0 0 80.5 80 81.2 80 63.9 
196992416258880 100 100 1495 1500 200 80 0 200 200 50 50 930 2.4 2.5 0 0 0 0 0 183.9 184 229.2 230 0.2 8.4 8.5 0 0 0 0 0 615.9 616 770.3 770 0 0 80.5 80 81.2 80 63.9 
196992416258890 100 100 1496 1500 200 50 0 200 200 50 50 928 2.4 2.5 0 0 0 0 0 184 184 229.6 230 0.2 8.5 8.5 0 0 0 0 0 615.6 616 769.4 770 0 0 80.5 80 81.2 80 63.9 
196992416258900 100 100 1495 1500 200 53 0 200 200 50 50 929 2.4 2.5 0 0 0 0 0 183.9 184 229.2 230 0.2 8.5 8.5 0 0 0 0 0 615.9 616 769.8 770 0 0 80.5 80 81.2 80 63.9 
196992416258910 100 100 1496 1500 201 49 0 200 200 50 50 931 2.4 2.5 0 0 0 0 0 183.9 184 230.1 230 0.2 8.5 8.5 0 0 0 0 0 615.9 616 769.8 770 0 0 80.5 80 81.2 80 63.9 
196992416258920 100 100 1496 1500 201 59 0 200 200 50 50 932 2.5 2.5 0 0 0 0 0 183.9 184 229.6 230 0 8.5 8.5 0 0 0 0 0 615.9 616 769.4 770 0 0 80.5 80 81.2 80 63.9 
196992416258930 100 100 1497 1500 201 67 0 200 200 50 50 933 2.4 2.5 0 0 0 0 0 183.9 184 229.6 230 0.2 8.5 8.5 0 0 0 0 0 615.9 616 770.3 770 0 0 80.5 80 81.2 80 63.9 
196992416258940 100 100 1495 1500 201 77 0 200 200 50 50 927 2.4 2.5 0 0 0 0 0 184 184 230.1 230 0.2 8.5 8.5 0 0 0 0 0 615.9 616 770.3 770 0 0 80.5 80 81.2 80 64 
196992416258950 100 100 1498 1500 200 57 0 200 200 50 50 932 2.4 2.5 0 0 0 0 0 183.9 184 229.6 230 0 8.5 8.5 0 0 0 0 0 615.9 616 769.8 770 0 0 80.5 80 81.2 80 64 
196992416258960 100 100 1497 1500 200 66 0 200 200 50 50 933 2.4 2.5 0 0 0 0 0 184 184 229.6 230 0.2 8.5 8.5 0 0 0 0 0 615.9 616 769.4 770 0 0 80.6 80 81.2 80 64 
196992416258970 100 100 1496 1500 200 59 0 200 200 50 50 936 2.5 2.5 0 0 0 0 0 184 184 229.6 230 0 8.5 8.5 0 0 0 0 0 615.9 616 769.8 770 0 0 80.6 80 81.2 80 64 
196992416258980 100 100 1496 1500 200 45 0 200 200 50 50 933 2.4 2.5 0 0 0 0 0 184 184 229.6 230 0 8.5 8.5 0 0 0 0 0 615.9 616 769.8 770 0 0 80.6 80 81.2 80 64 
196992416258990 100 100 1496 1500 199 47 0 200 200 50 50 929 2.5 2.5 0 0 0 0 0 183.9 184 229.6 230 0.2 8.5 8.5 0 0 0 0 0 615.9 616 769.8 770 0 0 80.6 80 81.2 80 64 
196992416259000 100 100 1494 1500 199 56 0 200 200 50 50 932 2.4 2.5 0 0 0 0 0 183.9 184 229.6 230 0 8.5 8.5 0 0 0 0 0 615.6 616 770.3 770 0 0 80.6 80 81.2 80 64 
196992416259010 100 100 1496 1500 199 76 0 200 200 50 50 934 2.4 2.5 0 0 0 0 0 183.9 184 230.1 230 0 8.5 8.5 0 0 0 0 0 615.9 616 769.8 770 0 0 80.6 80 81.2 80 64 
196992416259020 100 100 1496 1500 200 80 2 200 200 50 50 931 2.4 2.5 0 0 0 0 0 184 184 229.6 230 0.2 8.5 8.5 0 0 0 0 0 615.9 616 769.4 770 0 0 80.6 80 81.2 80 64 
196992416259030 100 100 1497 1500 199 73 0 200 200 50 50 933 2.4 2.5 0 0 0 0 0 183.9 184 230.1 230 0.2 8.4 8.5 0 0 0 0 0 615.9 616 770.3 770 0 0 80.6 80 81.2 80 64 
196992416259040 100 100 1496 1500 200 75 0 200 200 50 50 929 2.4 2.5 0 0 0 0 0 183.9 184 229.6 230 0.2 8.5 8.5 0 0 0 0 0 615.9 616 769.8 770 0 0 80.6 80 81.2 80 63.9 
196992416259050 100 100 1496 1500 200 41 0 200 200 50 50 931 2.4 2.5 0 0 0 0 0 184 184 229.6 230 0.2 8.5 8.5 0 0 0 0 0 615.9 616 769.4 770 0 0 80.6 80 81.2 80 63.9 
196992416259060 100 100 1495 1500 200 38 0 200 200 50 50 932 2.4 2.5 0 0 0 0 0 184 184 229.6 230 0.2 8.5 8.5 0 0 0 0 0 615.6 616 769.8 770 0 0 80.6 80 81.2 80 63.9 
196992416259070 100 100 1497 1500 200 61 0 200 200 50 50 942 2.4 2.5 0 0 0 0 0 183.9 184 229.6 230 0.2 8.5 8.5 0 0 0 0 0 615.9 616 769.8 770 0 0 80.5 80 81 80 63.9 
196992416259080 100 100 1497 1500 199 46 0 200 200 50 50 930 2.5 2.5 0 0 0 0 0 184 184 229.6 230 0.2 8.5 8.5 0 0 0 0 0 615.9 616 769.8 770 0 0 80.5 80 81 80 63.9 
196992416259090 100 100 1497 1500 199 33 0 200 200 50 50 931 2.4 2.5 0 0 0 0 0 184 184 229.6 230 0 8.5 8.5 0 0 0 0 0 615.9 616 769.8 770 0 0 80.5 80 81 80 63.9 
196992416259100 100 100 1494 1500 199 60 0 200 200 50 50 936 2.4 2.5 0 0 0 0 0 183.9 184 229.2 230 0.2 8.5 8.5 0 0 0 0 0 615.9 616 769.8 770 0 0 80.5 80 81 80 63.9 
196992416259110 100 100 1496 1500 199 43 0 200 200 50 50 932 2.4 2.5 0 0 0 0 0 183.9 184 229.2 230 0 8.5 8.5 0 0 0 0 0 615.9 616 769.8 770 0 0 80.5 80 81 80 63.9 
196992416259120 100 100 1495 1500 199 44 1 200 200 50 50 929 2.5 2.5 0 0 0 0 0 183.9 184 229.2 230 0.2 8.5 8.5 0 0 0 0 0 615.6 616 769.8 770 0 0 80.5 80 81 80 63.9 
196992416259130 100 100 1496 1500 200 50 0 200 200 50 50 932 2.4 2.5 0 0 0 0 0 184 184 230.1 230 0 8.5 8.5 0 0 0 0 0 615.9 616 769.4 770 0 0 80.5 80 81 80 63.9 
196992416259140 100 100 1497 1500 200 76 0 200 200 50 50 933 2.5 2.5 0 0 0 0 0 184 184 230.1 230 0 8.5 8.5 0 0 0 0 0 615.6 616 769.4 770 0 0 80.5 80 81 80 64.1 
196992416259150 100 100 1495 1500 200 58 0 200 200 50 50 930 2.5 2.5 0 0 0 0 0 184 184 229.2 230 0.2 8.5 8.5 0 0 0 0 0 615.9 616 769.4 770 0 0 80.5 80 81 80 64.1 
196992416259160 100 100 1495 1500 201 46 0 200 200 50 50 930 2.4 2.5 0 0 0 0 0 183.9 184 229.6 230 0.2 8.5 8.5 0 0 0 0 0 616.2 616 769.8 770 0 0 80.5 80 81 80 64.1 
196992416259170 100 100 1495 1500 202 64 0 200 200 50 50 936 2.4 2.5 0 0 0 0 0 183.9 184 229.6 230 0.2 8.5 8.5 0 0 0 0 0 615.9 616 769.8 770 0 0 80.5 80 81 80 64.1 
196992416259180 100 100 1496 1500 201 47 0 200 200 50 50 932 2.4 2.5 0 0 0 0 0 183.9 184 229.2 230 0.2 8.4 8.5 0 0 0 0 0 615.6 616 769.8 770 0 0 80.5 80 81 80 64.1 
196992416259190 100 100 1494 1500 201 36 0 200 200 50 50 935 2.4 2.5 0 0 0 0 0 183.9 184 229.6 230 0.2 8.5 8.5 0 0 0 0 0 615.9 616 769.4 770 0 0 80.5 80 80.9 80 64.1 
196992416259200 100 100 1495 1500 201 51 0 200 200 50 50 933 2.4 2.5 0 0 0 0 0 183.9 184 229.6 230 0.2 8.5 8.5 0 0 0 0 0 616.2 616 769.8 770 0 0 80.5 80 80.9 80 64.1 
196992416259210 100 100 1496 1500 200 80 0 200 200 50 50 931 2.4 2.5 0 0 0 0 0 183.9 184 229.6 230 0.2 8.5 8.5 0 0 0 0 0 615.9 616 769.4 770 0 0 80.5 80 80.9 80 64.1 
196992416259220 100 100 1497 1500 200 49 0 200 200 50 50 928 2.5 2.5 0 0 0 0 0 184 184 230.1 230 0 8.4 8.5 0 0 0 0 0 615.6 616 769.8 770 0 0 80.5 80 80.9 80 64.1 
196992416259230 100 100 1497 1500 200 34 0 200 200 50 50 937 2.4 2.5 0 0 0 0 0 184 184 229.6 230 0.2 8.5 8.5 0 0 0 0 0 615.6 616 770.3 770 0 0 80.5 80 80.9 80 64.1 
196992416259240 100 100 1498 1500 200 77 0 200 200 50 50 944 2.5 2.5 0 0 0 0 0 183.9 184 230.1 230 0.2 8.4 8.5 0 0 0 0 0 615.6 616 770.3 770 0 0 80.5 80 80.9 80 64.1 
196992416259250 100 100 1496 1500 201 57 1 200 200 50 50 917 2.4 2.5 0 0 0 0 0 184 184 229.2 230 0.2 8.5 8.5 0 0 0 0 0 615.6 616 769.8 770 0 0 80.5 80 80.9 80 64.1 
196992416259260 100 100 1496 1500 200 81 0 200 200 50 50 931 2.4 2.5 0 0 0 0 0 184 184 229.2 230 0 8.5 8.5 0 0 0 0 0 615.9 616 770.3 770 0 0 80.5 80 80.9 80 64.1 
196992416259270 100 100 1495 1500 203 84 1 200 200 50 50 928 2.4 2.5 0 0 0 0 0 183.9 184 229.6 230 0 8.5 8.5 0 0 0 0 0 615.9 616 769.8 770 0 0 80.5 80 80.9 80 64.1 
196992416259280 100 100 1497 1500 201 45 0 200 200 50 50 934 2.4 2.5 0 0 0 0 0 183.9 184 229.6 230 0.2 8.4 8.5 0 0 0 0 0 615.9 616 770.3 770 0 0 80.5 80 80.9 80 64.1 
196992416259290 100 100 1495 1500 201 62 0 200 200 50 50 930 2.4 2.5 0 0 0 0 0 183.9 184 229.6 230 0 8.4 8.5 0 0 0 0 0 616.2 616 769.4 770 0 0 80.5 80 80.9 80 64.1 
196992416259300 100 100 1496 1500 200 63 0 200 200 50 50 933 2.4 2.5 0 0 0 0 0 184 184 230.1 230 0 8.5 8.5 0 0 0 0 0 615.9 616 769.8 770 0 0 80.5 80 80.8 80 64.1 
196992416259310 100 100 1495 1500 200 33 0 200 200 50 50 931 2.4 2.5 0 0 0 0 0 183.9 184 229.6 230 0 8.5 8.5 0 0 0 0 0 615.9 616 770.3 770 0 0 80.5 80 80.8 80 64.1 
196992416259320 100 100 1497 1500 200 72 0 200 200 50 50 932 2.4 2.5 0 0 0 0 0 183.9 184 229.6 230 0 8.5 8.5 0 0 0 0 0 615.6 616 769.4 770 0 0 80.5 80 80.8 80 64.1 
196992416259330 100 100 1495 1500 200 60 0 200 200 50 50 928 2.4 2.5 0 0 0 0 0 184 184 229.6 230 0.2 8.5 8.5 0 0 0 0 0 615.6 616 769.8 770 0 0 80.5 80 80.8 80 64.1 
196992416259340 100 100 1495 1500 200 63 0 200 200 50 50 935 2.4 2.5 0 0 0 0 0 184 184 229.6 230 0.2 8.4 8.5 0 0 0 0 0 616.2 616 769.8 770 0 0 80.5 80 80.8 80 63.9 
196992416259350 100 100 1497 1500 201 51 0 200 200 50 50 935 2.4 2.5 0 0 0 0 0 184 184 229.6 230 0.2 8.5 8.5 0 0 0 0 0 615.9 616 769.4 770 0 0 80.5 80 80.8 80 63.9 
196992416259360 100 100 1496 1500 201 46 0 200 200 50 50 928 2.4 2.5 0 0 0 0 0 184 184 229.6 230 0 8.4 8.5 0 0 0 0 0 616.2 616 770.3 770 0 0 80.5 80 80.8 80 63.9 
196992416259370 100.1 100 1497 1500 201 34 0 200 200 50 50 932 2.4 2.5 0 0 0 0 0 183.9 184 229.6 230 0.2 8.5 8.5 0 0 0 0 0 615.9 616 769.4 770 0 0 80.5 80 80.8 80 63.9 
196992416259380 100.1 100 1498 1500 200 23 0 200 200 50 50 932 2.5 2.5 0 0 0 0 0 183.9 184 229.6 230 0.2 8.5 8.5 0 0 0 0 0 615.9 616 770.3 770 0 0 80.5 80 80.8 80 63.9 
196992416259390 100.1 100 1498 1500 199 84 0 200 200 50 50 929 2.4 2.5 0 0 0 0 0 183.9 184 229.6 230 0.2 8.5 8.5 0 0 0 0 0 615.6 616 769.4 770 0 0 80.5 80 80.8 80 63.9 
196992416259400 100.1 100 1498 1500 200 56 0 200 200 50 50 931 2.4 2.5 0 0 0 0 0 183.9 184 229.6 230 0.2 8.5 8.5 0 0 0 0 0 615.9 616 769.8 770 0 0 80.5 80 80.8 80 63.9 
196992416259410 100.1 100 1495 1500 200 40 0 200 200 50 50 931 2.4 2.5 0 0 0 0 0 183.9 184 229.6 230 0 8.5 8.5 0 0 0 0 0 615.9 616 769.8 770 0 0 80.5 80 80.8 80 63.9 
196992416259420 100 100 1496 1500 200 76 0 200 200 50 50 930 2.4 2.5 0 0 0 0 0 183.9 184 229.6 230 0.2 8.5 8.5 0 0 0 0 0 615.9 616 769.8 770 0 0 80.5 80 80.7 80 63.9 
196992416259430 100 100 1495 1500 200 63 0 200 200 50 50 930 2.4 2.5 0 0 0 0 0 184 184 229.6 230 0.2 8.5 8.5 0 0 0 0 0 615.9 616 769.8 770 0 0 80.5 80 80.7 80 63.9 
196992416259440 100 100 1496 1500 201 35 0 200 200 50 50 938 2.4 2.5 0 0 0 0 0 183.9 184 230.1 230 0.2 8.4 8.5 0 0 0 0 0 615.9 616 769.8 770 0 0 80.5 80 80.7 80 64 
196992416259450 100 100 1494 1500 201 33 0 200 200 50 50 930 2.4 2.5 0 0 0 0 0 184 184 229.6 230 0.2 8.5 8.5 0 0 0 0 0 615.9 616 769.4 770 0 0 80.5 80 80.7 80 64 
196992416259460 100 100 1496 1500 200 84 0 200 200 50 50 929 2.4 2.5 0 0 0 0 0 183.9 184 229.6 230 0.2 8.5 8.5 0 0 0 0 0 615.6 616 769.4 770 0 0 80.5 80 80.7 80 64 
196992416259470 100 100 1496 1500 200 53 0 200 200 50 50 928 2.4 2.5 0 0 0 0 0 183.9 184 230.1 230 0.2 8.5 8.5 0 0 0 0 0 615.9 616 770.3 770 0 0 80.5 80 80.7 80 64 
196992416259480 100 100 1496 1500 200 87 0 200 200 50 50 926 2.4 2.5 0 0 0 0 0 183.9 184 229.2 230 0.2 8.5 8.5 0 0 0 0 0 616.2 616 770.3 770 0 0 80.5 80 80.7 80 64 
196992416259490 100 100 1497 1500 200 71 0 200 200 50 50 928 2.4 2.5 0 0 0 0 0 184 184 229.6 230 0.2 8.4 8.5 0 0 0 0 0 615.9 616 769.4 770 0 0 80.5 80 80.7 80 64 
196992416259500 100 100 1496 1500 200 69 0 200 200 50 50 931 2.4 2.5 0 0 0 0 0 184 184 229.6 230 0.2 8.5 8.5 0 0 0 0 0 615.9 616 770.3 770 0 0 80.5 80 80.7 80 64 
196992416259510 100 100 1496 1500 200 78 0 200 200 50 50 925 2.4 2.5 0 0 0 0 0 183.9 184 229.6 230 0.2 8.5 8.5 0 0 0 0 0 615.9 616 769.8 770 0 0 80.5 80 80.7 80 64 
196992416259520 100.1 100 1496 1500 201 36 0 200 200 50 50 930 2.5 2.5 0 0 0 0 0 183.9 184 229.6 230 0.2 8.5 8.5 0 0 0 0 0 616.2 616 770.3 770 0 0 80.5 80 80.7 80 64 
196992416259530 100.1 100 1495 1500 201 42 0 200 200 50 50 932 2.4 2.5 0 0 0 0 0 183.9 184 229.6 230 0.2 8.5 8.5 0 0 0 0 0 615.9 616 769.8 770 0 0 80.5 80 80.6 80 64 
196992416259540 100.1 100 1499 1500 201 45 0 200 200 50 50 929 2.5 2.5 0 0 0 0 0 184 184 229.2 230 0.2 8.5 8.5 0 0 0 0 0 615.6 616 769.8 770 0 0 80.5 80 80.6 80 63.8 
196992416259550 100.1 100 1497 1500 200 26 0 200 200 50 50 930 2.4 2.5 0 0 0 0 0 183.9 184 229.6 230 0.2 8.5 8.5 0 0 0 0 0 615.9 616 769.8 770 0 0 80.5 80 80.6 80 63.8 
196992416259560 100.1 100 1498 1500 200 73 0 200 200 50 50 928 2.4 2.5 0 0 0 0 0 184 184 229.6 230 0.2 8.5 8.5 0 0 0 0 0 615.9 616 769.4 770 0 0 80.5 80 80.6 80 63.8 
196992416259570 100 100 1496 1500 201 44 0 200 200 50 50 933 2.4 2.5 0 0 0 0 0 184 184 229.6 230 0.2 8.5 8.5 0 0 0 0 0 615.9 616 769.8 770 0 0 80.5 80 80.6 80 63.8 
196992416259580 100 100 1498 1500 200 22 0 200 200 50 50 929 2.4 2.5 0 0 0 0 0 183.9 184 229.6 230 0.2 8.4 8.5 0 0 0 0 0 615.9 616 769.8 770 0 0 80.5 80 80.6 80 63.8 
196992416259590 100 100 1496 1500 200 39 0 200 200 50 50 929 2.4 2.5 0 0 0 0 0 184 184 230.1 230 0.2 8.4 8.5 0 0 0 0 0 616.2 616 769.4 770 0 0 80.5 80 80.6 80 63.8 
196992416259600 100 100 1495 1500 200 51 0 200 200 50 50 931 2.4 2.5 0 0 0 0 0 184 184 229.6 230 0.2 8.4 8.5 0 0 0 0 0 615.9 616 769.4 770 0 0 80.5 80 80.6 80 63.8 
196992416259610 100 100 1494 1500 199 67 0 200 200 50 50 927 2.4 2.5 0 0 0 0 0 183.9 184 229.6 230 0.2 8.5 8.5 0 0 0 0 0 615.6 616 769.8 770 0 0 80.5 80 80.6 80 63.8 
196992416259620 100.1 100 1498 1500 199 20 0 200 200 50 50 929 2.4 2.5 0 0 0 0 0 184 184 229.6 230 0 8.5 8.5 0 0 0 0 0 615.9 616 769.8 770 0 0 80.5 80 80.6 80 63.8 
196992416259630 100.1 100 1497 1500 199 15 0 200 200 50 50 928 2.4 2.5 0 0 0 0 0 184 184 229.6 230 0.2 8.4 8.5 0 0 0 0 0 615.6 616 769.8 770 0 0 80.5 80 80.6 80 63.8 
196992416259640 100.1 100 1498 1500 199 37 0 200 200 50 50 935 2.4 2.5 0 0 0 0 0 183.9 184 229.6 230 0 8.5 8.5 0 0 0 0 0 615.9 616 769.8 770 0 0 80.5 80 80.6 80 64 
196992416259650 100.1 100 1496 1500 200 56 0 200 200 50 50 926 2.5 2.5 0 0 0 0 0 184 184 229.6 230 0.2 8.5 8.5 0 0 0 0 0 615.9 616 769.8 770 0 0 80.5 80 80.5 80 64 
196992416259660 100.1 100 1499 1500 200 27 0 200 200 50 50 928 2.5 2.5 0 0 0 0 0 183.9 184 229.6 230 0 8.4 8.5 0 0 0 0 0 616.2 616 769.4 770 0 0 80.5 80 80.5 80 64 
196992416259670 100 100 1496 1500 200 61 0 200 200 50 50 926 2.4 2.5 0 0 0 0 0 183.9 184 229.6 230 0.2 8.4 8.5 0 0 0 0 0 615.9 616 769.4 770 0 0 80.5 80 80.5 80 64 
196992416259680 100 100 1497 1500 202 58 1 200 200 50 50 925 2.4 2.5 0 0 0 0 0 183.9 184 229.6 230 0.2 8.5 8.5 0 0 0 0 0 615.9 616 769.8 770 0 0 80.5 80 80.5 80 64 
196992416259690 100 100 1499 1500 200 47 0 200 200 50 50 925 2.5 2.5 0 0 0 0 0 184 184 229.6 230 0.2 8.5 8.5 0 0 0 0 0 615.9 616 769.8 770 0 0 80.5 80 80.5 80 64 
196992416259700 100 100 1498 1500 202 61 0 200 200 50 50 925 2.4 2.5 0 0 0 0 0 184 184 230.1 230 0.2 8.5 8.5 0 0 0 0 0 615.9 616 770.3 770 0 0 80.5 80 80.5 80 64 
196992416259710 100 100 1499 1500 201 29 0 200 200 50 50 937 2.4 2.5 0 0 0 0 0 184 184 229.6 230 0 8.5 8.5 0 0 0 0 0 616.2 616 769.8 770 0 0 80.5 80 80.5 80 64 
196992416259720 100 100 1498 1500 201 31 0 200 200 50 50 924 2.4 2.5 0 0 0 0 0 183.9 184 230.1 230 0.2 8.5 8.5 0 0 0 0 0 615.9 616 769.8 770 0 0 80.5 80 80.5 80 64 
196992416259730 100 100 1498 1500 201 58 0 200 200 50 50 923 2.4 2.5 0 0 0 0 0 184 184 229.2 230 0 8.5 8.5 0 0 0 0 0 615.9 616 770.3 770 0 0 80.5 80 80.5 80 64 
196992416259740 100 100 1496 1500 200 29 0 200 200 50 50 926 2.4 2.5 0 0 0 0 0 183.9 184 229.6 230 0.2 8.5 8.5 0 0 0 0 0 615.9 616 769.8 770 0 0 80.5 80 80.5 80 64.1 
196992416259750 100 100 1497 1500 200 61 0 200 200 50 50 922 2.4 2.5 0 0 0 0 0 183.9 184 230.1 230 0.2 8.5 8.5 0 0 0 0 0 615.9 616 769.8 770 0 0 80.5 80 80.5 80 64.1 
196992416259760 100 100 1495 1500 200 54 0 200 200 50 50 924 2.4 2.5 0 0 0 0 0 184 184 229.6 230 0.2 8.5 8.5 0 0 0 0 0 615.6 616 769.8 770 0 0 80.5 80 80.4 80 64.1 
196992416259770 100 100 1500 1500 200 44 0 200 200 50 50 924 2.4 2.5 0 0 0 0 0 183.9 184 229.6 230 0 8.5 8.5 0 0 0 0 0 615.9 616 769.8 770 0 0 80.5 80 80.4 80 64.1 
196992416259780 100 100 1497 1500 200 39 0 200 200 50 50 923 2.4 2.5 0 0 0 0 0 183.9 184 229.6 230 0 8.5 8.5 0 0 0 0 0 615.9 616 770.3 770 0 0 80.5 80 80.4 80 64.1 
196992416259790 100 100 1496 1500 201 59 0 200 200 50 50 934 2.4 2.5 0 0 0 0 0 184 184 229.6 230 0.2 8.5 8.5 0 0 0 0 0 615.9 616 769.8 770 0 0 80.5 80 80.4 80 64.1 
196992416259800 100 100 1496 1500 201 52 0 200 200 50 50 925 2.5 2.5 0 0 0 0 0 183.9 184 229.2 230 0 8.5 8.5 0 0 0 0 0 615.9 616 769.4 770 0 0 80.5 80 80.4 80 64.1 
196992416259810 100 100 1498 1500 199 58 0 200 200 50 50 920 2.4 2.5 0 0 0 0 0 183.9 184 229.6 230 0 8.4 8.5 0 0 0 0 0 616.2 616 769.4 770 0 0 80.5 80 80.4 80 64.1 
196992416259820 100 100 1497 1500 200 52 0 200 200 50 50 922 2.4 2.5 0 0 0 0 0 184 184 229.6 230 0.2 8.5 8.5 0 0 0 0 0 615.9 616 769.4 770 0 0 80.5 80 80.4 80 64.1 
196992416259830 100 100 1499 1500 200 51 0 200 200 50 50 922 2.5 2.5 0 0 0 0 0 184 184 230.1 230 0 8.5 8.5 0 0 0 0 0 615.9 616 770.3 770 0 0 80.5 80 80.4 80 64.1 
196992416259840 100 100 1498 1500 200 54 0 200 200 50 50 921 2.4 2.5 0 0 0 0 0 183.9 184 229.6 230 0 8.5 8.5 0 0 0 0 0 615.9 616 769.8 770 0 0 80.5 80 80.4 80 63.8 
196992416259850 100 100 1497 1500 200 45 0 200 200 50 50 921 2.4 2.5 0 0 0 0 0 184 184 229.6 230 0 8.4 8.5 0 0 0 0 0 615.9 616 769.8 770 0 0 80.5 80 80.4 80 63.8 
196992416259860 100 100 1496 1500 200 39 0 200 200 50 50 920 2.4 2.5 0 0 0 0 0 183.9 184 230.1 230 0 8.5 8.5 0 0 0 0 0 615.9 616 769.8 770 0 0 80.5 80 80.4 80 63.8 
196992416259870 100 100 1497 1500 200 38 1 200 200 50 50 912 2.4 2.5 0 0 0 0 0 184 184 229.6 230 0 8.5 8.5 0 0 0 0 0 615.9 616 770.3 770 0 0 80.5 80 80.4 80 63.8 
196992416259880 100 100 1498 1500 200 55 0 200 200 50 50 919 2.5 2.5 0 0 0 0 0 183.9 184 229.6 230 0 8.5 8.5 0 0 0 0 0 615.6 616 769.4 770 0 0 80.5 80 80.3 80 63.8 
196992416259890 100 100 1497 1500 201 38 0 200 200 50 50 919 2.5 2.5 0 0 0 0 0 184 184 229.6 230 0 8.5 8.5 0 0 0 0 0 615.9 616 769.8 770 0 0 80.5 80 80.3 80 63.8 
196992416259900 100 100 1496 1500 201 55 0 200 200 50 50 921 2.4 2.5 0 0 0 0 0 184 184 229.6 230 0 8.5 8.5 0 0 0 0 0 616.2 616 769.4 770 0 0 80.5 80 80.3 80 63.8 
196992416259910 100 100 1497 1500 200 70 0 200 200 50 50 921 2.5 2.5 0 0 0 0 0 183.9 184 229.6 230 0 8.5 8.5 0 0 0 0 0 615.9 616 769.8 770 0 0 80.5 80 80.3 80 63.8 
196992416259920 100 100 1497 1500 200 42 0 200 200 50 50 918 2.4 2.5 0 0 0 0 0 184 184 229.2 230 0 8.5 8.5 0 0 0 0 0 615.9 616 769.4 770 0 0 80.5 80 80.3 80 63.8 
196992416259930 100 100 1496 1500 200 34 0 200 200 50 50 918 2.5 2.5 0 0 0 0 0 183.9 184 229.6 230 0 8.4 8.5 0 0 0 0 0 615.9 616 769.4 770 0 0 80.5 80 80.3 80 63.8 
196992416259940 100 100 1494 1500 200 37 0 200 200 50 50 920 2.4 2.5 0 0 0 0 0 183.9 184 229.6 230 0 8.5 8.5 0 0 0 0 0 616.2 616 769.8 770 0 0 80.5 80 80.3 80 64 
196992416259950 100 100 1496 1500 201 70 0 200 200 50 50 915 2.4 2.5 0 0 0 0 0 183.9 184 230.1 230 0 8.5 8.5 0 0 0 0 0 615.6 616 769.8 770 0 0 80.5 80 80.3 80 64 
196992416259960 100 100 1497 1500 201 20 0 200 200 50 50 916 2.4 2.5 0 0 0 0 0 184 184 229.6 230 0 8.5 8.5 0 0 0 0 0 615.9 616 769.8 770 0 0 80.5 80 80.3 80 64 
196992416259970 100 100 1497 1500 200 24 0 200 200 50 50 917 2.4 2.5 0 0 0 0 0 184 184 229.6 230 0 8.5 8.5 0 0 0 0 0 616.2 616 769.8 770 0 0 80.5 80 80.3 80 64 
196992416259980 100 100 1498 1500 200 52 0 200 200 50 50 911 2.4 2.5 0 0 0 0 0 183.9 184 229.6 230 0 8.5 8.5 0 0 0 0 0 615.9 616 769.8 770 0 0 80.5 80 80.3 80 64 
196992416259990 100 100 1498 1500 200 30 0 200 200 50 50 918 2.4 2.5 0 0 0 0 0 184 184 229.2 230 0.2 8.4 8.5 0 0 0 0 0 615.6 616 770.3 770 0 0 80.4 80 80.2 80 64 
196992416260000 100 100 1496 1500 200 36 0 200 200 50 50 916 2.4 2.5 0 0 0 0 0 183.9 184 229.6 230 0 8.5 8.5 0 0 0 0 0 615.9 616 769.8 770 0 0 80.4 80 80.2 80 64 
196992416260010 100 100 1496 1500 200 40 0 200 200 50 50 926 2.5 2.5 0 0 0 0 0 183.9 184 229.6 230 0 8.5 8.5 0 0 0 0 0 615.9 616 769.4 770 0 0 80.4 80 80.2 80 64 
196992416260020 100 100 1499 1500 200 57 0 200 200 50 50 909 2.4 2.5 0 0 0 0 0 183.9 184 229.6 230 0 8.5 8.5 0 0 0 0 0 615.6 616 769.8 770 0 0 80.4 80 80.2 80 64 
196992416260030 100 100 1498 1500 201 35 0 200 200 50 50 912 2.4 2.5 0 0 0 0 0 184 184 229.2 230 0 8.5 8.5 0 0 0 0 0 616.2 616 769.8 770 0 0 80.4 80 80.2 80 64 
196992416260040 100 100 1497 1500 199 45 0 200 200 50 50 916 2.4 2.5 0 0 0 0 0 183.9 184 229.6 230 0 8.5 8.5 0 0 0 0 0 615.6 616 770.3 770 0 0 80.4 80 80.2 80 64.1 
196992416260050 100 100 1497 1500 199 40 0 200 200 50 50 914 2.4 2.5 0 0 0 0 0 183.9 184 229.6 230 0 8.5 8.5 0 0 0 0 0 615.9 616 770.3 770 0 0 80.4 80 80.2 80 64.1 
196992416260060 100 100 1497 1500 199 57 0 200 200 50 50 915 2.4 2.5 0 0 0 0 0 183.9 184 229.2 230 0 8.5 8.5 0 0 0 0 0 616.2 616 769.8 770 0 0 80.4 80 80.2 80 64.1 
196992416260070 100.1 100 1497 1500 200 23 0 200 200 50 50 914 2.5 2.5 0 0 0 0 0 184 184 229.6 230 0 8.5 8.5 0 0 0 0 0 615.9 616 769.4 770 0 0 80.4 80 80.2 80 64.1 
196992416260080 100.1 100 1497 1500 200 16 0 200 200 50 50 914 2.4 2.5 0 0 0 0 0 184 184 230.1 230 0 8.5 8.5 0 0 0 0 0 616.2 616 769.8 770 0 0 80.4 80 80.2 80 64.1 
196992416260090 100.1 100 1496 1500 200 45 0 200 200 50 50 911 2.4 2.5 0 0 0 0 0 183.9 184 229.6 230 0 8.5 8.5 0 0 0 0 0 615.9 616 769.8 770 0 0 80.4 80 80.2 80 64.1 
196992416260100 100.1 100 1497 1500 200 57 0 200 200 50 50 913 2.4 2.5 0 0 0 0 0 183.9 184 229.6 230 0 8.5 8.5 0 0 0 0 0 615.6 616 769.4 770 0 0 80.4 80 80.2 80 64.1 
196992416260110 100.1 100 1496 1500 200 50 0 200 200 50 50 908 2.4 2.5 0 0 0 0 0 184 184 229.6 230 0 8.5 8.5 0 0 0 0 0 615.9 616 769.8 770 0 0 80.4 80 80.1 80 64.1 
196992416260120 100 100 1498 1500 200 47 0 200 200 50 50 906 2.5 2.5 0 0 0 0 0 184 184 229.6 230 0 8.5 8.5 0 0 0 0 0 616.2 616 770.3 770 0 0 80.4 80 80.1 80 64.1 
196992416260130 100 100 1498 1500 202 41 0 200 200 50 50 913 2.4 2.5 0 0 0 0 0 183.9 184 229.6 230 0 8.5 8.5 0 0 0 0 0 615.9 616 769.8 770 0 0 80.4 80 80.1 80 64.1 
196992416260140 100 100 1497 1500 201 60 0 200 200 50 50 910 2.4 2.5 0 0 0 0 0 184 184 229.6 230 0 8.4 8.5 0 0 0 0 0 615.9 616 769.8 770 0 0 80.4 80 80.1 80 64.1 
